0 
200.000000 325.000000 450.000000 53.855099 51.431400 
1250.000000 325.000000 350.000000 53.855099 51.431400 
1850.000000 325.000000 350.000000 53.855099 51.431400 
2450.000000 325.000000 350.000000 53.855099 51.431400 
200.000000 325.000000 850.000000 53.855099 51.431400 
1250.000000 325.000000 750.000000 53.855099 51.431400 
1850.000000 325.000000 750.000000 53.855099 51.431400 
2450.000000 325.000000 750.000000 53.855099 51.431400 
200.000000 325.000000 1250.000000 53.855099 51.431400 
1250.000000 325.000000 1150.000000 53.855099 51.431400 
1850.000000 325.000000 1150.000000 53.855099 51.431400 
2450.000000 325.000000 1150.000000 53.855099 51.431400 
200.000000 325.000000 1650.000000 53.855099 51.431400 
1250.000000 325.000000 1550.000000 53.855099 51.431400 
1850.000000 325.000000 1550.000000 53.855099 51.431400 
2450.000000 325.000000 1550.000000 53.855099 51.431400 
200.000000 325.000000 2050.000000 53.855099 51.431400 
1250.000000 325.000000 1950.000000 53.855099 51.431400 
1850.000000 325.000000 1950.000000 53.855099 51.431400 
2450.000000 325.000000 1950.000000 53.855099 51.431400 
200.000000 325.000000 2450.000000 53.855099 51.431400 
1250.000000 325.000000 2350.000000 53.855099 51.431400 
1850.000000 325.000000 2350.000000 53.855099 51.431400 
2450.000000 325.000000 2350.000000 53.855099 51.431400 
200.000000 325.000000 2850.000000 53.855099 51.431400 
1250.000000 325.000000 2750.000000 53.855099 51.431400 
1850.000000 325.000000 2750.000000 53.855099 51.431400 
2450.000000 325.000000 2750.000000 53.855099 51.431400 
200.000000 325.000000 3250.000000 53.855099 51.431400 
1250.000000 325.000000 3150.000000 53.855099 51.431400 
1850.000000 325.000000 3150.000000 53.855099 51.431400 
2450.000000 325.000000 3150.000000 53.855099 51.431400 
200.000000 325.000000 3650.000000 53.855099 51.431400 
1250.000000 325.000000 3550.000000 53.855099 51.431400 
1850.000000 325.000000 3550.000000 53.855099 51.431400 
2450.000000 325.000000 3550.000000 53.855099 51.431400 
