10 
2 2797.000000 266.000000 960.000000 0.000000 0.000000 1.000000 
2 3828.000000 266.000000 967.000000 0.000000 0.000000 1.000000 
2 4000.000000 266.000000 1111.000000 0.000000 0.000000 1.000000 
2 3823.000000 266.000000 734.000000 0.000000 0.000000 1.000000 
2 5074.000000 266.000000 1506.000000 0.000000 0.000000 1.000000 
2 5101.000000 266.000000 1802.000000 0.000000 0.000000 1.000000 
2 5583.000000 266.000000 1706.000000 0.000000 0.000000 1.000000 
2 5843.000000 266.000000 1860.000000 0.000000 0.000000 1.000000 
2 6180.000000 266.000000 3058.000000 0.000000 0.000000 1.000000 
2 6647.000000 266.000000 3091.000000 0.000000 0.000000 1.000000 
