216.0 325.00 839.0
304.0 325.00 925.0
431.0 325.00 944.0
583.0 325.00 944.0
221.0 325.00 1247.0
221.0 325.00 1400.0
261.0 325.00 1460.0
241.0 325.00 1530.0
510.0 325.00 397.0
636.0 325.00 452.0
890.0 325.00 522.0
1277.0 325.00 644.0
1505.0 325.00 751.0
1663.0 325.00 830.0
1889.0 325.00 1228.0
2373.0 325.00 1305.0
2409.0 325.00 971.0
2896.0 325.00 645.0
3118.0 325.00 643.0
3115.0 325.00 1121.0
6001.0 325.00 1972.0
6083.0 325.00 2115.0
6086.0 325.00 2300.0
6080.0 325.00 2450.0
6083.0 325.00 2678.0
5973.0 325.00 1452.0
6255.0 325.00 1675.0
6392.0 325.00 1876.0
6390.0 325.00 2093.0
6399.0 325.00 2341.0
2000.0 325.00 2519.0
1969.0 325.00 2692.0
1969.0 325.00 2857.0
1840.0 325.00 2977.0
1840.0 325.00 3123.0
1860.0 325.00 3274.0





