1330  
4 
1.000000 0.000000 0.000000 0.000000  
0.000000 1.000000 0.000000 0.000000  
0.000000 0.000000 1.000000 0.000000  
0.000000 0.000000 0.000000 1.000000  
1.000000 0.000000 0.000000 0.000000  
0.000000 0.000000 -1.000000 0.000000  
0.000000 1.000000 0.000000 0.000000  
0.000000 0.000000 0.000000 1.000000  
1.000000 0.000000 0.000000 0.000000  
0.000000 -0.000000 -1.000000 0.000000  
-0.000000 1.000000 -0.000000 0.000000  
0.000000 0.000000 0.000000 1.000000  
0.999998 0.000159 0.001920 0.000000  
0.001920 -0.163166 -0.986597 0.000000  
0.000157 0.986599 -0.163166 0.000000  
-0.003919 0.335253 4.081818 1.000000  
1.000000 0.000000 0.000000 0.000000  
0.000000 1.000000 0.000000 0.000000  
0.000000 0.000000 1.000000 0.000000  
0.000000 0.000000 0.000000 1.000000  
1.000000 0.000000 0.000000 0.000000  
0.000000 0.000000 -1.000000 0.000000  
0.000000 1.000000 0.000000 0.000000  
0.000000 0.000000 0.000000 1.000000  
1.000082 -0.000001 0.000000 0.000000  
0.000000 -0.000000 -1.000082 0.000000  
-0.000001 0.999927 -0.000000 0.000000  
0.000000 0.000010 0.000000 1.000000  
1.000080 0.000158 0.001920 0.000000  
0.001920 -0.163154 -0.986678 0.000000  
0.000156 0.986526 -0.163179 0.000000  
-0.003919 0.335236 4.082154 1.000000  
1.000000 0.000000 0.000000 0.000000  
0.000000 1.000000 0.000000 0.000000  
0.000000 0.000000 1.000000 0.000000  
0.000000 0.000000 0.000000 1.000000  
1.000000 0.000000 0.000000 0.000000  
0.000000 0.000000 -1.000000 0.000000  
0.000000 1.000000 0.000000 0.000000  
0.000000 0.000000 0.000000 1.000000  
1.000326 -0.000003 0.000000 0.000000  
0.000000 -0.000000 -1.000326 0.000000  
-0.000003 0.999710 -0.000000 0.000000  
0.000001 0.000040 0.000000 1.000000  
1.000324 0.000156 0.001920 0.000000  
0.001921 -0.163118 -0.986918 0.000000  
0.000154 0.986313 -0.163219 0.000000  
-0.003920 0.335194 4.083148 1.000000  
1.000000 0.000000 0.000000 0.000000  
0.000000 1.000000 0.000000 0.000000  
0.000000 0.000000 1.000000 0.000000  
0.000000 0.000000 0.000000 1.000000  
1.000000 0.000000 0.000000 0.000000  
0.000000 0.000000 -1.000000 0.000000  
0.000000 1.000000 0.000000 0.000000  
0.000000 0.000000 0.000000 1.000000  
1.000726 -0.000007 0.000000 0.000000  
0.000000 -0.000000 -1.000726 0.000000  
-0.000007 0.999354 -0.000000 0.000000  
0.000003 0.000090 0.000000 1.000000  
1.000724 0.000152 0.001921 0.000000  
0.001922 -0.163060 -0.987313 0.000000  
0.000150 0.985961 -0.163284 0.000000  
-0.003921 0.335125 4.084780 1.000000  
1.000000 0.000000 0.000000 0.000000  
0.000000 1.000000 0.000000 0.000000  
0.000000 0.000000 1.000000 0.000000  
0.000000 0.000000 0.000000 1.000000  
1.000000 0.000000 0.000000 0.000000  
0.000000 0.000000 -1.000000 0.000000  
0.000000 1.000000 0.000000 0.000000  
0.000000 0.000000 0.000000 1.000000  
1.001276 -0.000011 0.000000 0.000000  
0.000000 -0.000000 -1.001276 0.000000  
-0.000012 0.998863 -0.000000 0.000000  
0.000005 0.000158 0.000000 1.000000  
1.001275 0.000147 0.001922 0.000000  
0.001924 -0.162980 -0.987856 0.000000  
0.000145 0.985477 -0.163374 0.000000  
-0.003923 0.335030 4.087029 1.000000  
1.000000 0.000000 0.000000 0.000000  
0.000000 1.000000 0.000000 0.000000  
0.000000 0.000000 1.000000 0.000000  
0.000000 0.000000 0.000000 1.000000  
1.000000 0.000000 0.000000 0.000000  
0.000000 0.000000 -1.000000 0.000000  
0.000000 1.000000 0.000000 0.000000  
0.000000 0.000000 0.000000 1.000000  
1.001974 -0.000018 0.000000 0.000000  
0.000000 -0.000000 -1.001974 0.000000  
-0.000018 0.998243 -0.000000 0.000000  
0.000008 0.000245 0.000000 1.000000  
1.001972 0.000141 0.001923 0.000000  
0.001926 -0.162879 -0.988544 0.000000  
0.000139 0.984865 -0.163488 0.000000  
-0.003925 0.334908 4.089874 1.000000  
1.000000 0.000000 0.000000 0.000000  
0.000000 1.000000 0.000000 0.000000  
0.000000 0.000000 1.000000 0.000000  
0.000000 0.000000 0.000000 1.000000  
1.000000 0.000000 0.000000 0.000000  
0.000000 0.000000 -1.000000 0.000000  
0.000000 1.000000 0.000000 0.000000  
0.000000 0.000000 0.000000 1.000000  
1.002812 -0.000025 0.000000 0.000000  
0.000000 -0.000000 -1.002812 0.000000  
-0.000025 0.997496 -0.000000 0.000000  
0.000011 0.000349 0.000000 1.000000  
1.002810 0.000133 0.001925 0.000000  
0.001929 -0.162757 -0.989371 0.000000  
0.000132 0.984128 -0.163625 0.000000  
-0.003927 0.334761 4.093297 1.000000  
1.000000 0.000000 0.000000 0.000000  
0.000000 1.000000 0.000000 0.000000  
0.000000 0.000000 1.000000 0.000000  
0.000000 0.000000 0.000000 1.000000  
1.000000 0.000000 0.000000 0.000000  
0.000000 0.000000 -1.000000 0.000000  
0.000000 1.000000 0.000000 0.000000  
0.000000 0.000000 0.000000 1.000000  
1.003787 -0.000034 0.000000 0.000000  
0.000000 -0.000000 -1.003787 0.000000  
-0.000034 0.996628 0.000000 0.000000  
0.000015 0.000470 0.000000 1.000000  
1.003785 0.000124 0.001927 0.000000  
0.001933 -0.162616 -0.990333 0.000000  
0.000123 0.983272 -0.163784 0.000000  
-0.003930 0.334593 4.097275 1.000000  
1.000000 0.000000 0.000000 0.000000  
0.000000 1.000000 0.000000 0.000000  
0.000000 0.000000 1.000000 0.000000  
0.000000 0.000000 0.000000 1.000000  
1.000000 0.000000 0.000000 0.000000  
0.000000 0.000000 -1.000000 0.000000  
0.000000 1.000000 0.000000 0.000000  
0.000000 0.000000 0.000000 1.000000  
1.004893 -0.000044 0.000000 0.000000  
0.000000 -0.000000 -1.004893 0.000000  
-0.000044 0.995644 0.000000 0.000000  
0.000019 0.000607 0.000000 1.000000  
1.004891 0.000114 0.001929 0.000000  
0.001936 -0.162455 -0.991424 0.000000  
0.000114 0.982301 -0.163964 0.000000  
-0.003934 0.334396 4.101789 1.000000  
1.000000 0.000000 0.000000 0.000000  
0.000000 1.000000 0.000000 0.000000  
0.000000 0.000000 1.000000 0.000000  
0.000000 0.000000 0.000000 1.000000  
1.000000 0.000000 0.000000 0.000000  
0.000000 0.000000 -1.000000 0.000000  
0.000000 1.000000 0.000000 0.000000  
0.000000 0.000000 0.000000 1.000000  
1.006125 -0.000055 0.000000 0.000000  
0.000000 -0.000000 -1.006125 0.000000  
-0.000055 0.994546 0.000000 0.000000  
0.000024 0.000760 0.000000 1.000000  
1.006123 0.000102 0.001931 0.000000  
0.001941 -0.162276 -0.992640 0.000000  
0.000103 0.981218 -0.164165 0.000000  
-0.003937 0.334185 4.106819 1.000000  
1.000000 0.000000 0.000000 0.000000  
0.000000 1.000000 0.000000 0.000000  
0.000000 0.000000 1.000000 0.000000  
0.000000 0.000000 0.000000 1.000000  
1.000000 0.000000 0.000000 0.000000  
0.000000 0.000000 -1.000000 0.000000  
0.000000 1.000000 0.000000 0.000000  
0.000000 0.000000 0.000000 1.000000  
1.007478 -0.000068 0.000000 0.000000  
0.000000 -0.000000 -1.007478 0.000000  
-0.000068 0.993341 0.000000 0.000000  
0.000029 0.000928 0.000000 1.000000  
1.007476 0.000090 0.001934 0.000000  
0.001945 -0.162079 -0.993975 0.000000  
0.000091 0.980029 -0.164386 0.000000  
-0.003942 0.333946 4.112343 1.000000  
1.000000 0.000000 0.000000 0.000000  
0.000000 1.000000 0.000000 0.000000  
0.000000 0.000000 1.000000 0.000000  
0.000000 0.000000 0.000000 1.000000  
1.000000 0.000000 0.000000 0.000000  
0.000000 0.000000 -1.000000 0.000000  
0.000000 1.000000 0.000000 0.000000  
0.000000 0.000000 0.000000 1.000000  
1.008948 -0.000081 0.000000 0.000000  
0.000000 -0.000000 -1.008948 0.000000  
-0.000081 0.992033 0.000000 0.000000  
0.000035 0.001110 0.000000 1.000000  
1.008946 0.000077 0.001937 0.000000  
0.001950 -0.161866 -0.995425 0.000000  
0.000078 0.978738 -0.164626 0.000000  
-0.003946 0.333691 4.118343 1.000000  
1.000000 0.000000 0.000000 0.000000  
0.000000 1.000000 0.000000 0.000000  
0.000000 0.000000 1.000000 0.000000  
0.000000 0.000000 0.000000 1.000000  
1.000000 0.000000 0.000000 0.000000  
0.000000 0.000000 -1.000000 0.000000  
0.000000 1.000000 0.000000 0.000000  
0.000000 0.000000 0.000000 1.000000  
1.010529 -0.000095 0.000000 0.000000  
0.000000 -0.000000 -1.010529 0.000000  
-0.000095 0.990625 0.000000 0.000000  
0.000041 0.001307 0.000000 1.000000  
1.010527 0.000062 0.001940 0.000000  
0.001955 -0.161636 -0.996985 0.000000  
0.000064 0.977349 -0.164884 0.000000  
-0.003951 0.333416 4.124796 1.000000  
1.000000 0.000000 0.000000 0.000000  
0.000000 1.000000 0.000000 0.000000  
0.000000 0.000000 1.000000 0.000000  
0.000000 0.000000 0.000000 1.000000  
1.000000 0.000000 0.000000 0.000000  
0.000000 0.000000 -1.000000 0.000000  
0.000000 1.000000 0.000000 0.000000  
0.000000 0.000000 0.000000 1.000000  
1.012216 -0.000110 0.000000 0.000000  
0.000000 -0.000000 -1.012216 0.000000  
-0.000111 0.989123 0.000000 0.000000  
0.000048 0.001516 -0.000000 1.000000  
1.012214 0.000047 0.001943 0.000000  
0.001961 -0.161391 -0.998650 0.000000  
0.000050 0.975867 -0.165159 0.000000  
-0.003956 0.333120 4.131683 1.000000  
1.000000 0.000000 0.000000 0.000000  
0.000000 1.000000 0.000000 0.000000  
0.000000 0.000000 1.000000 0.000000  
0.000000 0.000000 0.000000 1.000000  
1.000000 0.000000 0.000000 0.000000  
0.000000 0.000000 -1.000000 0.000000  
0.000000 1.000000 0.000000 0.000000  
0.000000 0.000000 0.000000 1.000000  
1.014005 -0.000127 0.000000 0.000000  
0.000000 -0.000000 -1.014005 0.000000  
-0.000127 0.987530 0.000000 0.000000  
0.000055 0.001738 -0.000000 1.000000  
1.014003 0.000030 0.001946 0.000000  
0.001967 -0.161131 -1.000414 0.000000  
0.000034 0.974296 -0.165451 0.000000  
-0.003961 0.332809 4.138984 1.000000  
1.000000 0.000000 0.000000 0.000000  
0.000000 1.000000 0.000000 0.000000  
0.000000 0.000000 1.000000 0.000000  
0.000000 0.000000 0.000000 1.000000  
1.000000 0.000000 0.000000 0.000000  
0.000000 0.000000 -1.000000 0.000000  
0.000000 1.000000 0.000000 0.000000  
0.000000 0.000000 0.000000 1.000000  
1.015889 -0.000144 0.000000 0.000000  
0.000000 -0.000000 -1.015890 0.000000  
-0.000144 0.985852 0.000000 0.000000  
0.000062 0.001972 -0.000000 1.000000  
1.015887 0.000013 0.001950 0.000000  
0.001974 -0.160857 -1.002274 0.000000  
0.000017 0.972640 -0.165758 0.000000  
-0.003967 0.332481 4.146679 1.000000  
1.000000 0.000000 0.000000 0.000000  
0.000000 1.000000 0.000000 0.000000  
0.000000 0.000000 1.000000 0.000000  
0.000000 0.000000 0.000000 1.000000  
1.000000 0.000000 0.000000 0.000000  
0.000000 0.000000 -1.000000 0.000000  
0.000000 1.000000 0.000000 0.000000  
0.000000 0.000000 0.000000 1.000000  
1.017866 -0.000162 0.000000 0.000000  
0.000000 -0.000000 -1.017866 0.000000  
-0.000162 0.984092 0.000000 0.000000  
0.000070 0.002217 -0.000000 1.000000  
1.017864 -0.000005 0.001954 0.000000  
0.001980 -0.160570 -1.004224 0.000000  
-0.000000 0.970904 -0.166081 0.000000  
-0.003973 0.332136 4.154746 1.000000  
1.000000 0.000000 0.000000 0.000000  
0.000000 1.000000 0.000000 0.000000  
0.000000 0.000000 1.000000 0.000000  
0.000000 0.000000 0.000000 1.000000  
1.000000 0.000000 0.000000 0.000000  
0.000000 0.000000 -1.000000 0.000000  
0.000000 1.000000 0.000000 0.000000  
0.000000 0.000000 0.000000 1.000000  
1.019928 -0.000180 0.000000 0.000000  
0.000000 -0.000000 -1.019929 0.000000  
-0.000180 0.982256 0.000000 0.000000  
0.000078 0.002473 -0.000000 1.000000  
1.019926 -0.000024 0.001958 0.000000  
0.001987 -0.160271 -1.006259 0.000000  
-0.000018 0.969092 -0.166417 0.000000  
-0.003979 0.331778 4.163164 1.000000  
1.000000 0.000000 0.000000 0.000000  
0.000000 1.000000 0.000000 0.000000  
0.000000 0.000000 1.000000 0.000000  
0.000000 0.000000 0.000000 1.000000  
1.000000 0.000000 0.000000 0.000000  
0.000000 0.000000 -1.000000 0.000000  
0.000000 1.000000 0.000000 0.000000  
0.000000 0.000000 0.000000 1.000000  
1.022072 -0.000200 0.000000 0.000000  
0.000000 -0.000000 -1.022073 0.000000  
-0.000200 0.980347 0.000000 0.000000  
0.000086 0.002739 -0.000000 1.000000  
1.022070 -0.000044 0.001962 0.000000  
0.001995 -0.159959 -1.008374 0.000000  
-0.000037 0.967209 -0.166767 0.000000  
-0.003986 0.331404 4.171915 1.000000  
1.000000 0.000000 0.000000 0.000000  
0.000000 1.000000 0.000000 0.000000  
0.000000 0.000000 1.000000 0.000000  
0.000000 0.000000 0.000000 1.000000  
1.000000 0.000000 0.000000 0.000000  
0.000000 0.000000 -1.000000 0.000000  
0.000000 1.000000 0.000000 0.000000  
0.000000 0.000000 0.000000 1.000000  
1.024292 -0.000220 0.000000 0.000000  
0.000000 -0.000000 -1.024293 0.000000  
-0.000220 0.978370 0.000000 0.000000  
0.000095 0.003015 -0.000000 1.000000  
1.024290 -0.000064 0.001966 0.000000  
0.002002 -0.159637 -1.010564 0.000000  
-0.000056 0.965258 -0.167130 0.000000  
-0.003992 0.331015 4.180978 1.000000  
1.000000 0.000000 0.000000 0.000000  
0.000000 1.000000 0.000000 0.000000  
0.000000 0.000000 1.000000 0.000000  
0.000000 0.000000 0.000000 1.000000  
1.000000 0.000000 0.000000 0.000000  
0.000000 0.000000 -1.000000 0.000000  
0.000000 1.000000 0.000000 0.000000  
0.000000 0.000000 0.000000 1.000000  
1.026584 -0.000240 0.000000 0.000000  
0.000000 -0.000000 -1.026585 0.000000  
-0.000240 0.976329 0.000000 0.000000  
0.000104 0.003299 -0.000000 1.000000  
1.026582 -0.000085 0.001971 0.000000  
0.002010 -0.159304 -1.012825 0.000000  
-0.000076 0.963245 -0.167503 0.000000  
-0.003999 0.330616 4.190333 1.000000  
1.000000 0.000000 0.000000 0.000000  
0.000000 1.000000 0.000000 0.000000  
0.000000 0.000000 1.000000 0.000000  
0.000000 0.000000 0.000000 1.000000  
1.000000 0.000000 0.000000 0.000000  
0.000000 0.000000 -1.000000 0.000000  
0.000000 1.000000 0.000000 0.000000  
0.000000 0.000000 0.000000 1.000000  
1.028942 -0.000262 0.000000 0.000000  
0.000000 -0.000000 -1.028943 0.000000  
-0.000262 0.974230 0.000000 0.000000  
0.000113 0.003592 -0.000000 1.000000  
1.028940 -0.000107 0.001975 0.000000  
0.002018 -0.158961 -1.015152 0.000000  
-0.000097 0.961174 -0.167888 0.000000  
-0.004007 0.330204 4.199958 1.000000  
1.000000 0.000000 0.000000 0.000000  
0.000000 1.000000 0.000000 0.000000  
0.000000 0.000000 1.000000 0.000000  
0.000000 0.000000 0.000000 1.000000  
1.000000 0.000000 0.000000 0.000000  
0.000000 0.000000 -1.000000 0.000000  
0.000000 1.000000 0.000000 0.000000  
0.000000 0.000000 0.000000 1.000000  
1.031361 -0.000284 0.000000 0.000000  
0.000000 -0.000000 -1.031363 0.000000  
-0.000284 0.972075 0.000000 0.000000  
0.000123 0.003892 -0.000000 1.000000  
1.031359 -0.000129 0.001980 0.000000  
0.002026 -0.158610 -1.017539 0.000000  
-0.000118 0.959048 -0.168283 0.000000  
-0.004014 0.329782 4.209835 1.000000  
1.000000 0.000000 0.000000 0.000000  
0.000000 1.000000 0.000000 0.000000  
0.000000 0.000000 1.000000 0.000000  
0.000000 0.000000 0.000000 1.000000  
1.000000 0.000000 0.000000 0.000000  
0.000000 0.000000 -1.000000 0.000000  
0.000000 1.000000 0.000000 0.000000  
0.000000 0.000000 0.000000 1.000000  
1.033837 -0.000306 0.000000 0.000000  
0.000000 -0.000000 -1.033839 0.000000  
-0.000306 0.969871 0.000000 0.000000  
0.000133 0.004199 -0.000000 1.000000  
1.033835 -0.000152 0.001985 0.000000  
0.002035 -0.158250 -1.019982 0.000000  
-0.000140 0.956873 -0.168687 0.000000  
-0.004021 0.329351 4.219941 1.000000  
1.000000 0.000000 0.000000 0.000000  
0.000000 1.000000 0.000000 0.000000  
0.000000 0.000000 1.000000 0.000000  
0.000000 0.000000 0.000000 1.000000  
1.000000 0.000000 0.000000 0.000000  
0.000000 0.000000 -1.000000 0.000000  
0.000000 1.000000 0.000000 0.000000  
0.000000 0.000000 0.000000 1.000000  
1.036365 -0.000329 0.000000 0.000000  
0.000000 -0.000000 -1.036366 0.000000  
-0.000329 0.967620 0.000000 0.000000  
0.000143 0.004513 -0.000000 1.000000  
1.036363 -0.000175 0.001989 0.000000  
0.002043 -0.157883 -1.022475 0.000000  
-0.000162 0.954653 -0.169099 0.000000  
-0.004029 0.328911 4.230258 1.000000  
1.000000 0.000000 0.000000 0.000000  
0.000000 1.000000 0.000000 0.000000  
0.000000 0.000000 1.000000 0.000000  
0.000000 0.000000 0.000000 1.000000  
1.000000 0.000000 0.000000 0.000000  
0.000000 0.000000 -1.000000 0.000000  
0.000000 1.000000 0.000000 0.000000  
0.000000 0.000000 0.000000 1.000000  
1.038938 -0.000352 0.000000 0.000000  
0.000000 -0.000000 -1.038940 0.000000  
-0.000352 0.965329 0.000000 0.000000  
0.000153 0.004832 -0.000000 1.000000  
1.038936 -0.000199 0.001994 0.000000  
0.002052 -0.157509 -1.025015 0.000000  
-0.000185 0.952392 -0.169519 0.000000  
-0.004037 0.328461 4.240765 1.000000  
1.000000 0.000000 0.000000 0.000000  
0.000000 1.000000 0.000000 0.000000  
0.000000 0.000000 1.000000 0.000000  
0.000000 0.000000 0.000000 1.000000  
1.000000 0.000000 0.000000 0.000000  
0.000000 0.000000 -1.000000 0.000000  
0.000000 1.000000 0.000000 0.000000  
0.000000 0.000000 0.000000 1.000000  
1.041554 -0.000376 0.000000 0.000000  
0.000000 -0.000000 -1.041556 0.000000  
-0.000376 0.963000 0.000000 0.000000  
0.000163 0.005157 -0.000000 1.000000  
1.041552 -0.000223 0.001999 0.000000  
0.002061 -0.157129 -1.027596 0.000000  
-0.000208 0.950094 -0.169946 0.000000  
-0.004045 0.328007 4.251441 1.000000  
1.000000 0.000000 0.000000 0.000000  
0.000000 1.000000 0.000000 0.000000  
0.000000 0.000000 1.000000 0.000000  
0.000000 0.000000 0.000000 1.000000  
1.000000 0.000000 0.000000 0.000000  
0.000000 0.000000 -1.000000 0.000000  
0.000000 1.000000 0.000000 0.000000  
0.000000 0.000000 0.000000 1.000000  
1.044206 -0.000400 0.000000 0.000000  
0.000000 -0.000000 -1.044208 0.000000  
-0.000400 0.960638 0.000000 0.000000  
0.000173 0.005486 -0.000000 1.000000  
1.044204 -0.000247 0.002004 0.000000  
0.002070 -0.156744 -1.030212 0.000000  
-0.000231 0.947765 -0.170379 0.000000  
-0.004053 0.327543 4.262265 1.000000  
1.000000 0.000000 0.000000 0.000000  
0.000000 1.000000 0.000000 0.000000  
0.000000 0.000000 1.000000 0.000000  
0.000000 0.000000 0.000000 1.000000  
1.000000 0.000000 0.000000 0.000000  
0.000000 0.000000 -1.000000 0.000000  
0.000000 1.000000 0.000000 0.000000  
0.000000 0.000000 0.000000 1.000000  
1.046889 -0.000424 0.000000 0.000000  
0.000000 -0.000000 -1.046891 0.000000  
-0.000424 0.958249 0.000000 0.000000  
0.000184 0.005819 -0.000000 1.000000  
1.046887 -0.000272 0.002010 0.000000  
0.002079 -0.156354 -1.032859 0.000000  
-0.000254 0.945407 -0.170817 0.000000  
-0.004061 0.327074 4.273219 1.000000  
1.000000 0.000000 0.000000 0.000000  
0.000000 1.000000 0.000000 0.000000  
0.000000 0.000000 1.000000 0.000000  
0.000000 0.000000 0.000000 1.000000  
1.000000 0.000000 0.000000 0.000000  
0.000000 0.000000 -1.000000 0.000000  
0.000000 1.000000 0.000000 0.000000  
0.000000 0.000000 0.000000 1.000000  
1.049599 -0.000449 0.000000 0.000000  
0.000000 -0.000000 -1.049601 0.000000  
-0.000449 0.955836 0.000000 0.000000  
0.000194 0.006155 -0.000000 1.000000  
1.049597 -0.000297 0.002015 0.000000  
0.002088 -0.155961 -1.035533 0.000000  
-0.000278 0.943026 -0.171259 0.000000  
-0.004069 0.326601 4.284281 1.000000  
1.000000 0.000000 0.000000 0.000000  
0.000000 1.000000 0.000000 0.000000  
0.000000 0.000000 1.000000 0.000000  
0.000000 0.000000 0.000000 1.000000  
1.000000 0.000000 0.000000 0.000000  
0.000000 0.000000 -1.000000 0.000000  
0.000000 1.000000 0.000000 0.000000  
0.000000 0.000000 0.000000 1.000000  
1.052331 -0.000473 0.000000 0.000000  
0.000000 -0.000000 -1.052333 0.000000  
-0.000473 0.953404 0.000000 0.000000  
0.000205 0.006494 -0.000000 1.000000  
1.052328 -0.000322 0.002020 0.000000  
0.002097 -0.155564 -1.038228 0.000000  
-0.000302 0.940627 -0.171705 0.000000  
-0.004077 0.326126 4.295431 1.000000  
1.000000 0.000000 0.000000 0.000000  
0.000000 1.000000 0.000000 0.000000  
0.000000 0.000000 1.000000 0.000000  
0.000000 0.000000 0.000000 1.000000  
1.000000 0.000000 0.000000 0.000000  
0.000000 0.000000 -1.000000 0.000000  
0.000000 1.000000 0.000000 0.000000  
0.000000 0.000000 0.000000 1.000000  
1.055079 -0.000498 0.000000 0.000000  
0.000000 -0.000000 -1.055081 0.000000  
-0.000498 0.950957 0.000000 0.000000  
0.000216 0.006835 -0.000000 1.000000  
1.055077 -0.000347 0.002025 0.000000  
0.002107 -0.155165 -1.040940 0.000000  
-0.000326 0.938213 -0.172153 0.000000  
-0.004086 0.325645 4.306649 1.000000  
1.000000 0.000000 0.000000 0.000000  
0.000000 1.000000 0.000000 0.000000  
0.000000 0.000000 1.000000 0.000000  
0.000000 0.000000 0.000000 1.000000  
1.000000 0.000000 0.000000 0.000000  
0.000000 0.000000 -1.000000 0.000000  
0.000000 1.000000 0.000000 0.000000  
0.000000 0.000000 0.000000 1.000000  
1.057838 -0.000523 0.000000 0.000000  
0.000000 -0.000000 -1.057841 0.000000  
-0.000523 0.948500 0.000000 0.000000  
0.000227 0.007178 -0.000000 1.000000  
1.057836 -0.000373 0.002031 0.000000  
0.002116 -0.154764 -1.043662 0.000000  
-0.000350 0.935788 -0.172603 0.000000  
-0.004094 0.325167 4.317914 1.000000  
1.000000 0.000000 0.000000 0.000000  
0.000000 1.000000 0.000000 0.000000  
0.000000 0.000000 1.000000 0.000000  
0.000000 0.000000 0.000000 1.000000  
1.000000 0.000000 0.000000 0.000000  
0.000000 0.000000 -1.000000 0.000000  
0.000000 1.000000 0.000000 0.000000  
0.000000 0.000000 0.000000 1.000000  
1.060605 -0.000548 0.000000 0.000000  
0.000000 -0.000000 -1.060607 0.000000  
-0.000548 0.946036 0.000000 0.000000  
0.000237 0.007521 -0.000000 1.000000  
1.060603 -0.000398 0.002036 0.000000  
0.002126 -0.154362 -1.046392 0.000000  
-0.000375 0.933358 -0.173055 0.000000  
-0.004103 0.324682 4.329206 1.000000  
1.000000 0.000000 0.000000 0.000000  
0.000000 1.000000 0.000000 0.000000  
0.000000 0.000000 1.000000 0.000000  
0.000000 0.000000 0.000000 1.000000  
1.000000 0.000000 0.000000 0.000000  
0.000000 0.000000 -1.000000 0.000000  
0.000000 1.000000 0.000000 0.000000  
0.000000 0.000000 0.000000 1.000000  
1.063373 -0.000573 0.000000 0.000000  
0.000000 -0.000000 -1.063376 0.000000  
-0.000573 0.943572 0.000000 0.000000  
0.000248 0.007865 -0.000000 1.000000  
1.063371 -0.000423 0.002041 0.000000  
0.002135 -0.153960 -1.049123 0.000000  
-0.000399 0.930926 -0.173506 0.000000  
-0.004111 0.324200 4.340506 1.000000  
1.000000 0.000000 0.000000 0.000000  
0.000000 1.000000 0.000000 0.000000  
0.000000 0.000000 1.000000 0.000000  
0.000000 0.000000 0.000000 1.000000  
1.000000 0.000000 0.000000 0.000000  
0.000000 0.000000 -1.000000 0.000000  
0.000000 1.000000 0.000000 0.000000  
0.000000 0.000000 0.000000 1.000000  
1.066138 -0.000598 0.000000 0.000000  
0.000000 -0.000000 -1.066140 0.000000  
-0.000598 0.941110 0.000000 0.000000  
0.000259 0.008208 -0.000000 1.000000  
1.066135 -0.000449 0.002047 0.000000  
0.002144 -0.153558 -1.051851 0.000000  
-0.000423 0.928498 -0.173958 0.000000  
-0.004119 0.323719 4.351791 1.000000  
1.000000 0.000000 0.000000 0.000000  
0.000000 1.000000 0.000000 0.000000  
0.000000 0.000000 1.000000 0.000000  
0.000000 0.000000 0.000000 1.000000  
1.000000 0.000000 0.000000 0.000000  
0.000000 0.000000 -1.000000 0.000000  
0.000000 1.000000 0.000000 0.000000  
0.000000 0.000000 0.000000 1.000000  
1.068894 -0.000623 0.000000 0.000000  
0.000000 -0.000000 -1.068897 0.000000  
-0.000623 0.938655 0.000000 0.000000  
0.000270 0.008550 -0.000000 1.000000  
1.068892 -0.000474 0.002052 0.000000  
0.002154 -0.153158 -1.054570 0.000000  
-0.000447 0.926076 -0.174407 0.000000  
-0.004128 0.323236 4.363043 1.000000  
1.000000 0.000000 0.000000 0.000000  
0.000000 1.000000 0.000000 0.000000  
0.000000 0.000000 1.000000 0.000000  
0.000000 0.000000 0.000000 1.000000  
1.000000 0.000000 0.000000 0.000000  
0.000000 0.000000 -1.000000 0.000000  
0.000000 1.000000 0.000000 0.000000  
0.000000 0.000000 0.000000 1.000000  
1.071637 -0.000648 0.000000 0.000000  
0.000000 -0.000000 -1.071640 0.000000  
-0.000648 0.936213 0.000000 0.000000  
0.000281 0.008890 -0.000000 1.000000  
1.071635 -0.000499 0.002057 0.000000  
0.002163 -0.152759 -1.057277 0.000000  
-0.000471 0.923666 -0.174855 0.000000  
-0.004136 0.322760 4.374240 1.000000  
1.000000 0.000000 0.000000 0.000000  
0.000000 1.000000 0.000000 0.000000  
0.000000 0.000000 1.000000 0.000000  
0.000000 0.000000 0.000000 1.000000  
1.000000 0.000000 0.000000 0.000000  
0.000000 0.000000 -1.000000 0.000000  
0.000000 1.000000 0.000000 0.000000  
0.000000 0.000000 0.000000 1.000000  
1.074362 -0.000673 0.000000 0.000000  
0.000000 -0.000000 -1.074365 0.000000  
-0.000673 0.933787 0.000000 0.000000  
0.000291 0.009228 -0.000000 1.000000  
1.074360 -0.000524 0.002062 0.000000  
0.002172 -0.152363 -1.059965 0.000000  
-0.000495 0.921273 -0.175300 0.000000  
-0.004144 0.322283 4.385363 1.000000  
1.000000 0.000000 0.000000 0.000000  
0.000000 1.000000 0.000000 0.000000  
0.000000 0.000000 1.000000 0.000000  
0.000000 0.000000 0.000000 1.000000  
1.000000 0.000000 0.000000 0.000000  
0.000000 0.000000 -1.000000 0.000000  
0.000000 1.000000 0.000000 0.000000  
0.000000 0.000000 0.000000 1.000000  
1.077064 -0.000697 0.000000 0.000000  
0.000000 -0.000000 -1.077067 0.000000  
-0.000697 0.931381 0.000000 0.000000  
0.000302 0.009564 -0.000000 1.000000  
1.077062 -0.000549 0.002067 0.000000  
0.002181 -0.151971 -1.062631 0.000000  
-0.000519 0.918899 -0.175740 0.000000  
-0.004153 0.321814 4.396391 1.000000  
1.000000 0.000000 0.000000 0.000000  
0.000000 1.000000 0.000000 0.000000  
0.000000 0.000000 1.000000 0.000000  
0.000000 0.000000 0.000000 1.000000  
1.000000 0.000000 0.000000 0.000000  
0.000000 0.000000 -1.000000 0.000000  
0.000000 1.000000 0.000000 0.000000  
0.000000 0.000000 0.000000 1.000000  
1.079737 -0.000721 0.000000 0.000000  
0.000000 -0.000000 -1.079741 0.000000  
-0.000721 0.929001 0.000000 0.000000  
0.000312 0.009895 -0.000000 1.000000  
1.079735 -0.000574 0.002073 0.000000  
0.002190 -0.151582 -1.065269 0.000000  
-0.000542 0.916551 -0.176177 0.000000  
-0.004161 0.321346 4.407305 1.000000  
1.000000 0.000000 0.000000 0.000000  
0.000000 1.000000 0.000000 0.000000  
0.000000 0.000000 1.000000 0.000000  
0.000000 0.000000 0.000000 1.000000  
1.000000 0.000000 0.000000 0.000000  
0.000000 0.000000 -1.000000 0.000000  
0.000000 1.000000 0.000000 0.000000  
0.000000 0.000000 0.000000 1.000000  
1.082377 -0.000745 0.000000 0.000000  
0.000000 -0.000000 -1.082381 0.000000  
-0.000745 0.926650 0.000000 0.000000  
0.000323 0.010223 -0.000000 1.000000  
1.082375 -0.000598 0.002078 0.000000  
0.002199 -0.151199 -1.067874 0.000000  
-0.000566 0.914231 -0.176607 0.000000  
-0.004169 0.320887 4.418081 1.000000  
1.000000 0.000000 0.000000 0.000000  
0.000000 1.000000 0.000000 0.000000  
0.000000 0.000000 1.000000 0.000000  
0.000000 0.000000 0.000000 1.000000  
1.000000 0.000000 0.000000 0.000000  
0.000000 0.000000 -1.000000 0.000000  
0.000000 1.000000 0.000000 0.000000  
0.000000 0.000000 0.000000 1.000000  
1.084980 -0.000769 0.000000 0.000000  
0.000000 -0.000000 -1.084983 0.000000  
-0.000769 0.924333 0.000000 0.000000  
0.000333 0.010546 -0.000000 1.000000  
1.084977 -0.000622 0.002083 0.000000  
0.002208 -0.150821 -1.070441 0.000000  
-0.000588 0.911945 -0.177032 0.000000  
-0.004177 0.320433 4.428704 1.000000  
1.000000 0.000000 0.000000 0.000000  
0.000000 1.000000 0.000000 0.000000  
0.000000 0.000000 1.000000 0.000000  
0.000000 0.000000 0.000000 1.000000  
1.000000 0.000000 0.000000 0.000000  
0.000000 0.000000 -1.000000 0.000000  
0.000000 1.000000 0.000000 0.000000  
0.000000 0.000000 0.000000 1.000000  
1.087538 -0.000792 0.000000 0.000000  
0.000000 -0.000000 -1.087542 0.000000  
-0.000792 0.922054 0.000000 0.000000  
0.000343 0.010863 -0.000000 1.000000  
1.087536 -0.000645 0.002088 0.000000  
0.002217 -0.150449 -1.072966 0.000000  
-0.000611 0.909697 -0.177450 0.000000  
-0.004184 0.319986 4.439149 1.000000  
1.000000 0.000000 0.000000 0.000000  
0.000000 1.000000 0.000000 0.000000  
0.000000 0.000000 1.000000 0.000000  
0.000000 0.000000 0.000000 1.000000  
1.000000 0.000000 0.000000 0.000000  
0.000000 0.000000 -1.000000 0.000000  
0.000000 1.000000 0.000000 0.000000  
0.000000 0.000000 0.000000 1.000000  
1.090049 -0.000814 0.000000 0.000000  
0.000000 -0.000000 -1.090053 0.000000  
-0.000815 0.919818 0.000000 0.000000  
0.000353 0.011175 -0.000000 1.000000  
1.090047 -0.000668 0.002092 0.000000  
0.002225 -0.150084 -1.075443 0.000000  
-0.000633 0.907492 -0.177859 0.000000  
-0.004192 0.319548 4.449398 1.000000  
1.000000 0.000000 0.000000 0.000000  
0.000000 1.000000 0.000000 0.000000  
0.000000 0.000000 1.000000 0.000000  
0.000000 0.000000 0.000000 1.000000  
1.000000 0.000000 0.000000 0.000000  
0.000000 0.000000 -1.000000 0.000000  
0.000000 1.000000 0.000000 0.000000  
0.000000 0.000000 0.000000 1.000000  
1.092507 -0.000837 0.000000 0.000000  
0.000000 -0.000000 -1.092511 0.000000  
-0.000837 0.917630 0.000000 0.000000  
0.000362 0.011480 -0.000000 1.000000  
1.092505 -0.000691 0.002097 0.000000  
0.002234 -0.149727 -1.077868 0.000000  
-0.000654 0.905333 -0.178260 0.000000  
-0.004199 0.319120 4.459430 1.000000  
1.000000 0.000000 0.000000 0.000000  
0.000000 1.000000 0.000000 0.000000  
0.000000 0.000000 1.000000 0.000000  
0.000000 0.000000 0.000000 1.000000  
1.000000 0.000000 0.000000 0.000000  
0.000000 0.000000 -1.000000 0.000000  
0.000000 1.000000 0.000000 0.000000  
0.000000 0.000000 0.000000 1.000000  
1.094906 -0.000858 0.000000 0.000000  
0.000000 -0.000000 -1.094911 0.000000  
-0.000858 0.915494 0.000000 0.000000  
0.000372 0.011778 -0.000000 1.000000  
1.094904 -0.000713 0.002102 0.000000  
0.002242 -0.149379 -1.080235 0.000000  
-0.000675 0.903225 -0.178652 0.000000  
-0.004207 0.318703 4.469225 1.000000  
1.000000 0.000000 0.000000 0.000000  
0.000000 1.000000 0.000000 0.000000  
0.000000 0.000000 1.000000 0.000000  
0.000000 0.000000 0.000000 1.000000  
1.000000 0.000000 0.000000 0.000000  
0.000000 0.000000 -1.000000 0.000000  
0.000000 1.000000 0.000000 0.000000  
0.000000 0.000000 0.000000 1.000000  
1.097243 -0.000879 0.000000 0.000000  
0.000000 -0.000000 -1.097247 0.000000  
-0.000880 0.913413 0.000000 0.000000  
0.000381 0.012068 -0.000000 1.000000  
1.097241 -0.000735 0.002106 0.000000  
0.002250 -0.149039 -1.082540 0.000000  
-0.000696 0.901172 -0.179033 0.000000  
-0.004214 0.318295 4.478762 1.000000  
1.000000 0.000000 0.000000 0.000000  
0.000000 1.000000 0.000000 0.000000  
0.000000 0.000000 1.000000 0.000000  
0.000000 0.000000 0.000000 1.000000  
1.000000 0.000000 0.000000 0.000000  
0.000000 0.000000 -1.000000 0.000000  
0.000000 1.000000 0.000000 0.000000  
0.000000 0.000000 0.000000 1.000000  
1.099511 -0.000900 0.000000 0.000000  
0.000000 -0.000000 -1.099516 0.000000  
-0.000900 0.911393 0.000000 0.000000  
0.000390 0.012349 -0.000000 1.000000  
1.099509 -0.000755 0.002111 0.000000  
0.002258 -0.148710 -1.084779 0.000000  
-0.000716 0.899179 -0.179403 0.000000  
-0.004221 0.317898 4.488022 1.000000  
1.000000 0.000000 0.000000 0.000000  
0.000000 1.000000 0.000000 0.000000  
0.000000 0.000000 1.000000 0.000000  
0.000000 0.000000 0.000000 1.000000  
1.000000 0.000000 0.000000 0.000000  
0.000000 0.000000 -1.000000 0.000000  
0.000000 1.000000 0.000000 0.000000  
0.000000 0.000000 0.000000 1.000000  
1.101707 -0.000920 0.000000 0.000000  
0.000000 -0.000000 -1.101711 0.000000  
-0.000920 0.909438 0.000000 0.000000  
0.000399 0.012622 -0.000000 1.000000  
1.101704 -0.000776 0.002115 0.000000  
0.002265 -0.148391 -1.086944 0.000000  
-0.000735 0.897251 -0.179761 0.000000  
-0.004227 0.317514 4.496983 1.000000  
1.000000 0.000000 0.000000 0.000000  
0.000000 1.000000 0.000000 0.000000  
0.000000 0.000000 1.000000 0.000000  
0.000000 0.000000 0.000000 1.000000  
1.000000 0.000000 0.000000 0.000000  
0.000000 0.000000 -1.000000 0.000000  
0.000000 1.000000 0.000000 0.000000  
0.000000 0.000000 0.000000 1.000000  
1.103824 -0.000939 0.000000 0.000000  
0.000000 -0.000000 -1.103828 0.000000  
-0.000939 0.907553 0.000000 0.000000  
0.000407 0.012884 -0.000000 1.000000  
1.103822 -0.000795 0.002119 0.000000  
0.002272 -0.148083 -1.089033 0.000000  
-0.000754 0.895391 -0.180107 0.000000  
-0.004234 0.317146 4.505626 1.000000  
1.000000 0.000000 0.000000 0.000000  
0.000000 1.000000 0.000000 0.000000  
0.000000 0.000000 1.000000 0.000000  
0.000000 0.000000 0.000000 1.000000  
1.000000 0.000000 0.000000 0.000000  
0.000000 0.000000 -1.000000 0.000000  
0.000000 1.000000 0.000000 0.000000  
0.000000 0.000000 0.000000 1.000000  
1.105858 -0.000957 0.000000 0.000000  
0.000000 -0.000000 -1.105863 0.000000  
-0.000958 0.905742 0.000000 0.000000  
0.000415 0.013137 -0.000000 1.000000  
1.105856 -0.000814 0.002123 0.000000  
0.002279 -0.147788 -1.091041 0.000000  
-0.000771 0.893604 -0.180439 0.000000  
-0.004240 0.316793 4.513930 1.000000  
1.000000 0.000000 0.000000 0.000000  
0.000000 1.000000 0.000000 0.000000  
0.000000 0.000000 1.000000 0.000000  
0.000000 0.000000 0.000000 1.000000  
1.000000 0.000000 0.000000 0.000000  
0.000000 0.000000 -1.000000 0.000000  
0.000000 1.000000 0.000000 0.000000  
0.000000 0.000000 0.000000 1.000000  
1.107805 -0.000975 0.000000 0.000000  
0.000000 -0.000000 -1.107809 0.000000  
-0.000975 0.904009 0.000000 0.000000  
0.000422 0.013378 -0.000000 1.000000  
1.107802 -0.000832 0.002127 0.000000  
0.002286 -0.147505 -1.092961 0.000000  
-0.000789 0.891894 -0.180756 0.000000  
-0.004246 0.316454 4.521875 1.000000  
1.000000 0.000000 0.000000 0.000000  
0.000000 1.000000 0.000000 0.000000  
0.000000 0.000000 1.000000 0.000000  
0.000000 0.000000 0.000000 1.000000  
1.000000 0.000000 0.000000 0.000000  
0.000000 0.000000 -1.000000 0.000000  
0.000000 1.000000 0.000000 0.000000  
0.000000 0.000000 0.000000 1.000000  
1.109658 -0.000992 0.000000 0.000000  
0.000000 -0.000000 -1.109663 0.000000  
-0.000992 0.902359 0.000000 0.000000  
0.000430 0.013608 -0.000000 1.000000  
1.109656 -0.000849 0.002130 0.000000  
0.002292 -0.147236 -1.094790 0.000000  
-0.000805 0.890266 -0.181059 0.000000  
-0.004251 0.316130 4.529440 1.000000  
1.000000 0.000000 0.000000 0.000000  
0.000000 1.000000 0.000000 0.000000  
0.000000 0.000000 1.000000 0.000000  
0.000000 0.000000 0.000000 1.000000  
1.000000 0.000000 0.000000 0.000000  
0.000000 0.000000 -1.000000 0.000000  
0.000000 1.000000 0.000000 0.000000  
0.000000 0.000000 0.000000 1.000000  
1.111413 -0.001008 0.000000 0.000000  
0.000000 -0.000000 -1.111418 0.000000  
-0.001008 0.900796 0.000000 0.000000  
0.000437 0.013826 -0.000000 1.000000  
1.111411 -0.000865 0.002133 0.000000  
0.002298 -0.146981 -1.096521 0.000000  
-0.000820 0.888724 -0.181345 0.000000  
-0.004257 0.315823 4.536605 1.000000  
1.000000 0.000000 0.000000 0.000000  
0.000000 1.000000 0.000000 0.000000  
0.000000 0.000000 1.000000 0.000000  
0.000000 0.000000 0.000000 1.000000  
1.000000 0.000000 0.000000 0.000000  
0.000000 0.000000 -1.000000 0.000000  
0.000000 1.000000 0.000000 0.000000  
0.000000 0.000000 0.000000 1.000000  
1.113065 -0.001023 0.000000 0.000000  
0.000000 -0.000000 -1.113070 0.000000  
-0.001023 0.899324 0.000000 0.000000  
0.000443 0.014031 -0.000000 1.000000  
1.113063 -0.000880 0.002137 0.000000  
0.002304 -0.146741 -1.098152 0.000000  
-0.000835 0.887272 -0.181615 0.000000  
-0.004262 0.315535 4.543350 1.000000  
1.000000 0.000000 0.000000 0.000000  
0.000000 1.000000 0.000000 0.000000  
0.000000 0.000000 1.000000 0.000000  
0.000000 0.000000 0.000000 1.000000  
1.000000 0.000000 0.000000 0.000000  
0.000000 0.000000 -1.000000 0.000000  
0.000000 1.000000 0.000000 0.000000  
0.000000 0.000000 0.000000 1.000000  
1.114610 -0.001037 0.000000 0.000000  
0.000000 -0.000000 -1.114615 0.000000  
-0.001037 0.897949 0.000000 0.000000  
0.000449 0.014223 -0.000000 1.000000  
1.114608 -0.000894 0.002140 0.000000  
0.002309 -0.146517 -1.099675 0.000000  
-0.000848 0.885915 -0.181867 0.000000  
-0.004266 0.315268 4.549654 1.000000  
1.000000 0.000000 0.000000 0.000000  
0.000000 1.000000 0.000000 0.000000  
0.000000 0.000000 1.000000 0.000000  
0.000000 0.000000 0.000000 1.000000  
1.000000 0.000000 0.000000 0.000000  
0.000000 0.000000 -1.000000 0.000000  
0.000000 1.000000 0.000000 0.000000  
0.000000 0.000000 0.000000 1.000000  
1.116041 -0.001050 0.000000 0.000000  
0.000000 -0.000000 -1.116046 0.000000  
-0.001050 0.896675 0.000000 0.000000  
0.000455 0.014401 -0.000000 1.000000  
1.116039 -0.000907 0.002142 0.000000  
0.002314 -0.146309 -1.101088 0.000000  
-0.000861 0.884658 -0.182100 0.000000  
-0.004271 0.315016 4.555498 1.000000  
1.000000 0.000000 0.000000 0.000000  
0.000000 1.000000 0.000000 0.000000  
0.000000 0.000000 1.000000 0.000000  
0.000000 0.000000 0.000000 1.000000  
1.000000 0.000000 0.000000 0.000000  
0.000000 0.000000 -1.000000 0.000000  
0.000000 1.000000 0.000000 0.000000  
0.000000 0.000000 0.000000 1.000000  
1.117355 -0.001061 0.000000 0.000000  
0.000000 -0.000000 -1.117360 0.000000  
-0.001062 0.895505 0.000000 0.000000  
0.000460 0.014564 -0.000000 1.000000  
1.117352 -0.000919 0.002145 0.000000  
0.002318 -0.146118 -1.102384 0.000000  
-0.000872 0.883504 -0.182315 0.000000  
-0.004275 0.314785 4.560860 1.000000  
1.000000 0.000000 0.000000 0.000000  
0.000000 1.000000 0.000000 0.000000  
0.000000 0.000000 1.000000 0.000000  
0.000000 0.000000 0.000000 1.000000  
1.000000 0.000000 0.000000 0.000000  
0.000000 0.000000 -1.000000 0.000000  
0.000000 1.000000 0.000000 0.000000  
0.000000 0.000000 0.000000 1.000000  
1.118546 -0.001072 0.000000 0.000000  
0.000000 -0.000000 -1.118551 0.000000  
-0.001072 0.894445 0.000000 0.000000  
0.000465 0.014711 -0.000000 1.000000  
1.118543 -0.000930 0.002147 0.000000  
0.002322 -0.145945 -1.103558 0.000000  
-0.000883 0.882458 -0.182509 0.000000  
-0.004278 0.314579 4.565719 1.000000  
1.000000 0.000000 0.000000 0.000000  
0.000000 1.000000 0.000000 0.000000  
0.000000 0.000000 1.000000 0.000000  
0.000000 0.000000 0.000000 1.000000  
1.000000 0.000000 0.000000 0.000000  
0.000000 0.000000 -1.000000 0.000000  
0.000000 1.000000 0.000000 0.000000  
0.000000 0.000000 0.000000 1.000000  
1.119608 -0.001082 0.000000 0.000000  
0.000000 -0.000000 -1.119613 0.000000  
-0.001082 0.893499 0.000000 0.000000  
0.000469 0.014843 -0.000000 1.000000  
1.119606 -0.000940 0.002149 0.000000  
0.002326 -0.145790 -1.104607 0.000000  
-0.000892 0.881524 -0.182682 0.000000  
-0.004282 0.314394 4.570057 1.000000  
1.000000 0.000000 0.000000 0.000000  
0.000000 1.000000 0.000000 0.000000  
0.000000 0.000000 1.000000 0.000000  
0.000000 0.000000 0.000000 1.000000  
1.000000 0.000000 0.000000 0.000000  
0.000000 0.000000 -1.000000 0.000000  
0.000000 1.000000 0.000000 0.000000  
0.000000 0.000000 0.000000 1.000000  
1.120538 -0.001090 0.000000 0.000000  
0.000000 -0.000000 -1.120543 0.000000  
-0.001090 0.892671 0.000000 0.000000  
0.000472 0.014959 -0.000000 1.000000  
1.120536 -0.000949 0.002151 0.000000  
0.002329 -0.145655 -1.105524 0.000000  
-0.000900 0.880708 -0.182834 0.000000  
-0.004284 0.314232 4.573853 1.000000  
1.000000 0.000000 0.000000 0.000000  
0.000000 1.000000 0.000000 0.000000  
0.000000 0.000000 1.000000 0.000000  
0.000000 0.000000 0.000000 1.000000  
1.000000 0.000000 0.000000 0.000000  
0.000000 0.000000 -1.000000 0.000000  
0.000000 1.000000 0.000000 0.000000  
0.000000 0.000000 0.000000 1.000000  
1.121330 -0.001097 0.000000 0.000000  
0.000000 -0.000000 -1.121335 0.000000  
-0.001097 0.891966 0.000000 0.000000  
0.000475 0.015057 -0.000000 1.000000  
1.121328 -0.000956 0.002152 0.000000  
0.002332 -0.145540 -1.106306 0.000000  
-0.000907 0.880012 -0.182963 0.000000  
-0.004287 0.314096 4.577085 1.000000  
1.000000 0.000000 0.000000 0.000000  
0.000000 1.000000 0.000000 0.000000  
0.000000 0.000000 1.000000 0.000000  
0.000000 0.000000 0.000000 1.000000  
1.000000 0.000000 0.000000 0.000000  
0.000000 0.000000 -1.000000 0.000000  
0.000000 1.000000 0.000000 0.000000  
0.000000 0.000000 0.000000 1.000000  
1.121979 -0.001103 0.000000 0.000000  
0.000000 -0.000000 -1.121984 0.000000  
-0.001103 0.891388 0.000000 0.000000  
0.000478 0.015137 -0.000000 1.000000  
1.121977 -0.000962 0.002154 0.000000  
0.002334 -0.145446 -1.106946 0.000000  
-0.000913 0.879442 -0.183069 0.000000  
-0.004289 0.313980 4.579735 1.000000  
1.000000 0.000000 0.000000 0.000000  
0.000000 1.000000 0.000000 0.000000  
0.000000 0.000000 1.000000 0.000000  
0.000000 0.000000 0.000000 1.000000  
1.000000 0.000000 0.000000 0.000000  
0.000000 0.000000 -1.000000 0.000000  
0.000000 1.000000 0.000000 0.000000  
0.000000 0.000000 0.000000 1.000000  
1.122480 -0.001108 0.000000 0.000000  
0.000000 -0.000000 -1.122485 0.000000  
-0.001108 0.890942 0.000000 0.000000  
0.000480 0.015200 -0.000000 1.000000  
1.122478 -0.000966 0.002155 0.000000  
0.002336 -0.145373 -1.107440 0.000000  
-0.000917 0.879002 -0.183151 0.000000  
-0.004290 0.313894 4.581780 1.000000  
1.000000 0.000000 0.000000 0.000000  
0.000000 1.000000 0.000000 0.000000  
0.000000 0.000000 1.000000 0.000000  
0.000000 0.000000 0.000000 1.000000  
1.000000 0.000000 0.000000 0.000000  
0.000000 0.000000 -1.000000 0.000000  
0.000000 1.000000 0.000000 0.000000  
0.000000 0.000000 0.000000 1.000000  
1.122828 -0.001111 0.000000 0.000000  
0.000000 -0.000000 -1.122833 0.000000  
-0.001111 0.890632 0.000000 0.000000  
0.000481 0.015243 -0.000000 1.000000  
1.122826 -0.000970 0.002155 0.000000  
0.002337 -0.145323 -1.107784 0.000000  
-0.000920 0.878696 -0.183208 0.000000  
-0.004291 0.313831 4.583201 1.000000  
1.000000 0.000000 0.000000 0.000000  
0.000000 1.000000 0.000000 0.000000  
0.000000 0.000000 1.000000 0.000000  
0.000000 0.000000 0.000000 1.000000  
1.000000 0.000000 0.000000 0.000000  
0.000000 0.000000 -1.000000 0.000000  
0.000000 1.000000 0.000000 0.000000  
0.000000 0.000000 0.000000 1.000000  
1.123018 -0.001113 0.000000 0.000000  
0.000000 -0.000000 -1.123024 0.000000  
-0.001113 0.890462 0.000000 0.000000  
0.000482 0.015266 -0.000000 1.000000  
1.123016 -0.000971 0.002156 0.000000  
0.002337 -0.145295 -1.107972 0.000000  
-0.000922 0.878528 -0.183239 0.000000  
-0.004292 0.313801 4.583978 1.000000  
1.000000 0.000000 0.000000 0.000000  
0.000000 1.000000 0.000000 0.000000  
0.000000 0.000000 1.000000 0.000000  
0.000000 0.000000 0.000000 1.000000  
1.000000 0.000000 0.000000 0.000000  
0.000000 0.000000 -1.000000 0.000000  
0.000000 1.000000 0.000000 0.000000  
0.000000 0.000000 0.000000 1.000000  
1.123038 -0.001273 -0.000002 0.000000  
-0.000002 -0.000024 -1.123060 0.000000  
-0.000986 0.890430 -0.000019 0.000000  
0.000464 0.016544 0.000003 1.000000  
1.123036 -0.001132 0.002154 0.000000  
0.002315 -0.145314 -1.108004 0.000000  
-0.000797 0.878493 -0.183264 0.000000  
-0.004259 0.315166 4.584123 1.000000  
1.000000 0.000000 0.000000 0.000000  
0.000000 1.000000 0.000000 0.000000  
0.000000 0.000000 1.000000 0.000000  
0.000000 0.000000 0.000000 1.000000  
1.000000 0.000000 0.000000 0.000000  
0.000000 0.000000 -1.000000 0.000000  
0.000000 1.000000 0.000000 0.000000  
0.000000 0.000000 0.000000 1.000000  
1.122800 -0.003486 -0.000024 0.000000  
-0.000025 -0.000501 -1.123043 0.000000  
0.000772 0.890446 -0.000398 0.000000  
0.000219 0.036435 0.000055 1.000000  
1.122798 -0.003344 0.002132 0.000000  
0.002005 -0.145792 -1.107925 0.000000  
0.000933 0.878430 -0.183634 0.000000  
-0.003819 0.337019 4.583978 1.000000  
1.000000 0.000000 0.000000 0.000000  
0.000000 1.000000 0.000000 0.000000  
0.000000 0.000000 1.000000 0.000000  
0.000000 0.000000 0.000000 1.000000  
1.000000 0.000000 0.000000 0.000000  
0.000000 0.000000 -1.000000 0.000000  
0.000000 1.000000 0.000000 0.000000  
0.000000 0.000000 0.000000 1.000000  
1.122304 -0.007686 -0.000061 0.000000  
-0.000077 -0.002228 -1.122963 0.000000  
0.004109 0.890504 -0.001767 0.000000  
-0.000248 0.082504 0.000246 1.000000  
1.122303 -0.007540 0.002094 0.000000  
0.001408 -0.147513 -1.107623 0.000000  
0.004217 0.878205 -0.184973 0.000000  
-0.002955 0.390173 4.583385 1.000000  
1.000000 0.000000 0.000000 0.000000  
0.000000 1.000000 0.000000 0.000000  
0.000000 0.000000 1.000000 0.000000  
0.000000 0.000000 0.000000 1.000000  
1.000000 0.000000 0.000000 0.000000  
0.000000 0.000000 -1.000000 0.000000  
0.000000 1.000000 0.000000 0.000000  
0.000000 0.000000 0.000000 1.000000  
1.121587 -0.012758 -0.000093 0.000000  
-0.000164 -0.006187 -1.122766 0.000000  
0.008147 0.890626 -0.004909 0.000000  
-0.000813 0.157424 0.000684 1.000000  
1.121587 -0.012604 0.002061 0.000000  
0.000662 -0.151449 -1.106917 0.000000  
0.008187 0.877679 -0.188040 0.000000  
-0.001808 0.481314 4.581965 1.000000  
1.000000 0.000000 0.000000 0.000000  
0.000000 1.000000 0.000000 0.000000  
0.000000 0.000000 1.000000 0.000000  
0.000000 0.000000 0.000000 1.000000  
1.000000 0.000000 0.000000 0.000000  
0.000000 0.000000 -1.000000 0.000000  
0.000000 1.000000 0.000000 0.000000  
0.000000 0.000000 0.000000 1.000000  
1.120708 -0.017183 -0.000097 0.000000  
-0.000295 -0.012928 -1.122377 0.000000  
0.011683 0.890837 -0.010264 0.000000  
-0.001308 0.263866 0.001431 1.000000  
1.120709 -0.017017 0.002056 0.000000  
-0.000046 -0.158142 -1.105659 0.000000  
0.011654 0.876786 -0.193260 0.000000  
-0.000578 0.615356 4.579328 1.000000  
1.000000 0.000000 0.000000 0.000000  
0.000000 1.000000 0.000000 0.000000  
0.000000 0.000000 1.000000 0.000000  
0.000000 0.000000 0.000000 1.000000  
1.000000 0.000000 0.000000 0.000000  
0.000000 0.000000 -1.000000 0.000000  
0.000000 1.000000 0.000000 0.000000  
0.000000 0.000000 0.000000 1.000000  
1.119749 -0.019398 -0.000071 0.000000  
-0.000453 -0.022075 -1.121708 0.000000  
0.013473 0.891166 -0.017544 0.000000  
-0.001560 0.404509 0.002445 1.000000  
1.119750 -0.019214 0.002079 0.000000  
-0.000496 -0.167224 -1.103811 0.000000  
0.013394 0.875618 -0.200333 0.000000  
0.000420 0.793457 4.575173 1.000000  
1.000000 0.000000 0.000000 0.000000  
0.000000 1.000000 0.000000 0.000000  
0.000000 0.000000 1.000000 0.000000  
0.000000 0.000000 0.000000 1.000000  
1.000000 0.000000 0.000000 0.000000  
0.000000 0.000000 -1.000000 0.000000  
0.000000 1.000000 0.000000 0.000000  
0.000000 0.000000 0.000000 1.000000  
1.118784 -0.018431 -0.000050 0.000000  
-0.000582 -0.032299 -1.120695 0.000000  
0.012738 0.891660 -0.025705 0.000000  
-0.001460 0.582028 0.003583 1.000000  
1.118785 -0.018228 0.002097 0.000000  
-0.000505 -0.177390 -1.101480 0.000000  
0.012647 0.874438 -0.208219 0.000000  
0.000804 1.012869 4.569438 1.000000  
1.000000 0.000000 0.000000 0.000000  
0.000000 1.000000 0.000000 0.000000  
0.000000 0.000000 1.000000 0.000000  
0.000000 0.000000 0.000000 1.000000  
1.000000 0.000000 0.000000 0.000000  
0.000000 0.000000 -1.000000 0.000000  
0.000000 1.000000 0.000000 0.000000  
0.000000 0.000000 0.000000 1.000000  
1.117849 -0.014433 -0.000077 0.000000  
-0.000617 -0.041799 -1.119331 0.000000  
0.009584 0.892382 -0.033329 0.000000  
-0.001023 0.799101 0.004646 1.000000  
1.117849 -0.014211 0.002066 0.000000  
-0.000026 -0.186872 -1.098891 0.000000  
0.009530 0.873601 -0.215519 0.000000  
0.000328 1.268946 4.562378 1.000000  
1.000000 0.000000 0.000000 0.000000  
0.000000 1.000000 0.000000 0.000000  
0.000000 0.000000 1.000000 0.000000  
0.000000 0.000000 0.000000 1.000000  
1.000000 0.000000 0.000000 0.000000  
0.000000 0.000000 -1.000000 0.000000  
0.000000 1.000000 0.000000 0.000000  
0.000000 0.000000 0.000000 1.000000  
1.116948 -0.008733 -0.000151 0.000000  
-0.000534 -0.049010 -1.117660 0.000000  
0.005061 0.893409 -0.039179 0.000000  
-0.000395 1.058407 0.005461 1.000000  
1.116947 -0.008497 0.001988 0.000000  
0.000791 -0.194144 -1.096287 0.000000  
0.005081 0.873438 -0.221018 0.000000  
-0.000895 1.558010 4.554410 1.000000  
1.000000 0.000000 0.000000 0.000000  
0.000000 1.000000 0.000000 0.000000  
0.000000 0.000000 1.000000 0.000000  
0.000000 0.000000 0.000000 1.000000  
1.000000 0.000000 0.000000 0.000000  
0.000000 0.000000 -1.000000 0.000000  
0.000000 1.000000 0.000000 0.000000  
0.000000 0.000000 0.000000 1.000000  
1.116096 -0.003385 -0.000213 0.000000  
-0.000374 -0.053080 -1.115720 0.000000  
0.000806 0.894829 -0.042572 0.000000  
0.000196 1.362629 0.005934 1.000000  
1.116094 -0.003141 0.001922 0.000000  
0.001642 -0.198381 -1.093820 0.000000  
0.000909 0.874176 -0.224048 0.000000  
-0.002382 1.879299 4.545830 1.000000  
1.000000 0.000000 0.000000 0.000000  
0.000000 1.000000 0.000000 0.000000  
0.000000 0.000000 1.000000 0.000000  
0.000000 0.000000 0.000000 1.000000  
1.000000 0.000000 0.000000 0.000000  
0.000000 0.000000 -1.000000 0.000000  
0.000000 1.000000 0.000000 0.000000  
0.000000 0.000000 0.000000 1.000000  
1.115339 -0.000241 -0.000189 0.000000  
-0.000200 -0.053900 -1.113514 0.000000  
-0.001692 0.896719 -0.043406 0.000000  
0.000542 1.714118 0.007634 1.000000  
1.115337 0.000004 0.001941 0.000000  
0.002219 -0.199492 -1.091508 0.000000  
-0.001528 0.875907 -0.224511 0.000000  
-0.003577 2.234755 4.538246 1.000000  
1.000000 0.000000 0.000000 0.000000  
0.000000 1.000000 0.000000 0.000000  
0.000000 0.000000 1.000000 0.000000  
0.000000 0.000000 0.000000 1.000000  
1.000000 0.000000 0.000000 0.000000  
0.000000 0.000000 -1.000000 0.000000  
0.000000 1.000000 0.000000 0.000000  
0.000000 0.000000 0.000000 1.000000  
1.114654 0.002088 -0.000138 0.000000  
-0.000038 -0.053049 -1.111033 0.000000  
-0.003546 0.899010 -0.042925 0.000000  
0.000799 2.109065 0.030741 1.000000  
1.114651 0.002333 0.001988 0.000000  
0.002681 -0.199021 -1.089138 0.000000  
-0.003330 0.878307 -0.223632 0.000000  
-0.004601 2.626986 4.551385 1.000000  
1.000000 0.000000 0.000000 0.000000  
0.000000 1.000000 0.000000 0.000000  
0.000000 0.000000 1.000000 0.000000  
0.000000 0.000000 0.000000 1.000000  
1.000000 0.000000 0.000000 0.000000  
0.000000 0.000000 -1.000000 0.000000  
0.000000 1.000000 0.000000 0.000000  
0.000000 0.000000 0.000000 1.000000  
1.114019 0.004182 -0.000084 0.000000  
0.000108 -0.051114 -1.108285 0.000000  
-0.005219 0.901652 -0.041585 0.000000  
0.001031 2.542303 0.079812 1.000000  
1.114016 0.004423 0.002036 0.000000  
0.003097 -0.197540 -1.086646 0.000000  
-0.004957 0.881229 -0.221862 0.000000  
-0.005525 3.053205 4.589691 1.000000  
1.000000 0.000000 0.000000 0.000000  
0.000000 1.000000 0.000000 0.000000  
0.000000 0.000000 1.000000 0.000000  
0.000000 0.000000 0.000000 1.000000  
1.000000 0.000000 0.000000 0.000000  
0.000000 0.000000 -1.000000 0.000000  
0.000000 1.000000 0.000000 0.000000  
0.000000 0.000000 0.000000 1.000000  
1.113434 0.005948 -0.000023 0.000000  
0.000235 -0.048212 -1.105279 0.000000  
-0.006638 0.904621 -0.039461 0.000000  
0.001227 3.009509 0.152871 1.000000  
1.113431 0.006184 0.002092 0.000000  
0.003452 -0.195158 -1.084026 0.000000  
-0.006336 0.884632 -0.219276 0.000000  
-0.006319 3.509556 4.651189 1.000000  
1.000000 0.000000 0.000000 0.000000  
0.000000 1.000000 0.000000 0.000000  
0.000000 0.000000 1.000000 0.000000  
0.000000 0.000000 0.000000 1.000000  
1.000000 0.000000 0.000000 0.000000  
0.000000 0.000000 -1.000000 0.000000  
0.000000 1.000000 0.000000 0.000000  
0.000000 0.000000 0.000000 1.000000  
1.112896 0.007326 0.000047 0.000000  
0.000340 -0.044463 -1.102020 0.000000  
-0.007750 0.907891 -0.036633 0.000000  
0.001380 3.506359 0.247942 1.000000  
1.112892 0.007555 0.002157 0.000000  
0.003736 -0.191989 -1.081272 0.000000  
-0.007417 0.888471 -0.215953 0.000000  
-0.006965 3.992191 4.733906 1.000000  
1.000000 0.000000 0.000000 0.000000  
0.000000 1.000000 0.000000 0.000000  
0.000000 0.000000 1.000000 0.000000  
0.000000 0.000000 0.000000 1.000000  
1.000000 0.000000 0.000000 0.000000  
0.000000 0.000000 -1.000000 0.000000  
0.000000 1.000000 0.000000 0.000000  
0.000000 0.000000 0.000000 1.000000  
1.112401 0.008279 0.000127 0.000000  
0.000423 -0.039983 -1.098514 0.000000  
-0.008524 0.911437 -0.033177 0.000000  
0.001487 4.028533 0.363050 1.000000  
1.112396 0.008500 0.002231 0.000000  
0.003944 -0.188146 -1.078377 0.000000  
-0.008167 0.892700 -0.211972 0.000000  
-0.007458 4.497263 4.835861 1.000000  
1.000000 0.000000 0.000000 0.000000  
0.000000 1.000000 0.000000 0.000000  
0.000000 0.000000 1.000000 0.000000  
0.000000 0.000000 0.000000 1.000000  
1.000000 0.000000 0.000000 0.000000  
0.000000 0.000000 -1.000000 0.000000  
0.000000 1.000000 0.000000 0.000000  
0.000000 0.000000 0.000000 1.000000  
1.111947 0.008794 0.000216 0.000000  
0.000488 -0.034888 -1.094767 0.000000  
-0.008945 0.915233 -0.029171 0.000000  
0.001544 4.571713 0.496221 1.000000  
1.111943 0.009006 0.002312 0.000000  
0.004076 -0.183738 -1.075333 0.000000  
-0.008571 0.897276 -0.207408 0.000000  
-0.007805 5.020916 4.955079 1.000000  
1.000000 0.000000 0.000000 0.000000  
0.000000 1.000000 0.000000 0.000000  
0.000000 0.000000 1.000000 0.000000  
0.000000 0.000000 0.000000 1.000000  
1.000000 0.000000 0.000000 0.000000  
0.000000 0.000000 -1.000000 0.000000  
0.000000 1.000000 0.000000 0.000000  
0.000000 0.000000 0.000000 1.000000  
1.111531 0.008874 0.000309 0.000000  
0.000537 -0.029287 -1.090785 0.000000  
-0.009010 0.919251 -0.024686 0.000000  
0.001552 5.131585 0.645481 1.000000  
1.111527 0.009076 0.002399 0.000000  
0.004134 -0.178868 -1.072137 0.000000  
-0.008627 0.902155 -0.202334 0.000000  
-0.008016 5.559275 5.089591 1.000000  
1.000000 0.000000 0.000000 0.000000  
0.000000 1.000000 0.000000 0.000000  
0.000000 0.000000 1.000000 0.000000  
0.000000 0.000000 0.000000 1.000000  
1.000000 0.000000 0.000000 0.000000  
0.000000 0.000000 -1.000000 0.000000  
0.000000 1.000000 0.000000 0.000000  
0.000000 0.000000 0.000000 1.000000  
1.111149 0.008538 0.000404 0.000000  
0.000574 -0.023284 -1.086577 0.000000  
-0.008731 0.923465 -0.019793 0.000000  
0.001512 5.703827 0.808857 1.000000  
1.111144 0.008729 0.002486 0.000000  
0.004124 -0.173633 -1.068783 0.000000  
-0.008346 0.907292 -0.196820 0.000000  
-0.008111 6.108429 5.237431 1.000000  
1.000000 0.000000 0.000000 0.000000  
0.000000 1.000000 0.000000 0.000000  
0.000000 0.000000 1.000000 0.000000  
0.000000 0.000000 0.000000 1.000000  
1.000000 0.000000 0.000000 0.000000  
0.000000 0.000000 -1.000000 0.000000  
0.000000 1.000000 0.000000 0.000000  
0.000000 0.000000 0.000000 1.000000  
1.110794 0.007817 0.000496 0.000000  
0.000603 -0.016976 -1.082153 0.000000  
-0.008129 0.927851 -0.014560 0.000000  
0.001428 6.284130 0.984377 1.000000  
1.110790 0.007997 0.002571 0.000000  
0.004054 -0.168127 -1.065272 0.000000  
-0.007747 0.912647 -0.190935 0.000000  
-0.008113 6.664457 5.396643 1.000000  
1.000000 0.000000 0.000000 0.000000  
0.000000 1.000000 0.000000 0.000000  
0.000000 0.000000 1.000000 0.000000  
0.000000 0.000000 0.000000 1.000000  
1.000000 0.000000 0.000000 0.000000  
0.000000 0.000000 -1.000000 0.000000  
0.000000 1.000000 0.000000 0.000000  
0.000000 0.000000 0.000000 1.000000  
1.110464 0.006751 0.000582 0.000000  
0.000629 -0.010456 -1.077523 0.000000  
-0.007231 0.932382 -0.009052 0.000000  
0.001302 6.868178 1.170066 1.000000  
1.110459 0.006919 0.002649 0.000000  
0.003932 -0.162436 -1.061602 0.000000  
-0.006857 0.918182 -0.184745 0.000000  
-0.008040 7.223413 5.565282 1.000000  
1.000000 0.000000 0.000000 0.000000  
0.000000 1.000000 0.000000 0.000000  
0.000000 0.000000 1.000000 0.000000  
0.000000 0.000000 0.000000 1.000000  
1.000000 0.000000 0.000000 0.000000  
0.000000 0.000000 -1.000000 0.000000  
0.000000 1.000000 0.000000 0.000000  
0.000000 0.000000 0.000000 1.000000  
1.110150 0.005386 0.000658 0.000000  
0.000655 -0.003808 -1.072701 0.000000  
-0.006072 0.937036 -0.003330 0.000000  
0.001139 7.451660 1.363954 1.000000  
1.110146 0.005542 0.002717 0.000000  
0.003768 -0.156639 -1.057779 0.000000  
-0.005710 0.923858 -0.178314 0.000000  
-0.007920 7.781326 5.741406 1.000000  
1.000000 0.000000 0.000000 0.000000  
0.000000 1.000000 0.000000 0.000000  
0.000000 0.000000 1.000000 0.000000  
0.000000 0.000000 0.000000 1.000000  
1.000000 0.000000 0.000000 0.000000  
0.000000 0.000000 -1.000000 0.000000  
0.000000 1.000000 0.000000 0.000000  
0.000000 0.000000 0.000000 1.000000  
1.109850 0.003774 0.000721 0.000000  
0.000685 0.002886 -1.067704 0.000000  
-0.004691 0.941790 0.002542 0.000000  
0.000946 8.030260 1.564066 1.000000  
1.109846 0.003918 0.002771 0.000000  
0.003571 -0.150814 -1.053806 0.000000  
-0.004342 0.929641 -0.171704 0.000000  
-0.007770 8.334206 5.923088 1.000000  
1.000000 0.000000 0.000000 0.000000  
0.000000 1.000000 0.000000 0.000000  
0.000000 0.000000 1.000000 0.000000  
0.000000 0.000000 0.000000 1.000000  
1.000000 0.000000 0.000000 0.000000  
0.000000 0.000000 -1.000000 0.000000  
0.000000 1.000000 0.000000 0.000000  
0.000000 0.000000 0.000000 1.000000  
1.109556 0.001969 0.000769 0.000000  
0.000720 0.009550 -1.062547 0.000000  
-0.003130 0.946625 0.008506 0.000000  
0.000727 8.599664 1.768431 1.000000  
1.109552 0.002101 0.002810 0.000000  
0.003351 -0.145031 -1.049692 0.000000  
-0.002797 0.935498 -0.164979 0.000000  
-0.007609 8.878031 6.108403 1.000000  
1.000000 0.000000 0.000000 0.000000  
0.000000 1.000000 0.000000 0.000000  
0.000000 0.000000 1.000000 0.000000  
0.000000 0.000000 0.000000 1.000000  
1.000000 0.000000 0.000000 0.000000  
0.000000 0.000000 -1.000000 0.000000  
0.000000 1.000000 0.000000 0.000000  
0.000000 0.000000 0.000000 1.000000  
1.109264 0.000024 0.000800 0.000000  
0.000763 0.016113 -1.057251 0.000000  
-0.001432 0.951521 0.014500 0.000000  
0.000490 9.155562 1.975077 1.000000  
1.109261 0.000144 0.002832 0.000000  
0.003116 -0.139359 -1.045445 0.000000  
-0.001115 0.941398 -0.158201 0.000000  
-0.007452 9.408792 6.295442 1.000000  
1.000000 0.000000 0.000000 0.000000  
0.000000 1.000000 0.000000 0.000000  
0.000000 0.000000 1.000000 0.000000  
0.000000 0.000000 0.000000 1.000000  
1.000000 0.000000 0.000000 0.000000  
0.000000 0.000000 -1.000000 0.000000  
0.000000 1.000000 0.000000 0.000000  
0.000000 0.000000 0.000000 1.000000  
1.108970 -0.002005 0.000815 0.000000  
0.000814 0.022505 -1.051836 0.000000  
0.000357 0.956460 0.020465 0.000000  
0.000240 9.693639 2.182030 1.000000  
1.108966 -0.001897 0.002837 0.000000  
0.002874 -0.133862 -1.041076 0.000000  
0.000659 0.947314 -0.151433 0.000000  
-0.007309 9.922440 6.482291 1.000000  
1.000000 0.000000 0.000000 0.000000  
0.000000 1.000000 0.000000 0.000000  
0.000000 0.000000 1.000000 0.000000  
0.000000 0.000000 0.000000 1.000000  
1.000000 0.000000 0.000000 0.000000  
0.000000 0.000000 -1.000000 0.000000  
0.000000 1.000000 0.000000 0.000000  
0.000000 0.000000 0.000000 1.000000  
1.108668 -0.004066 0.000813 0.000000  
0.000873 0.028660 -1.046324 0.000000  
0.002194 0.961429 0.026336 0.000000  
-0.000017 10.209579 2.387320 1.000000  
1.108664 -0.003968 0.002825 0.000000  
0.002631 -0.128604 -1.036596 0.000000  
0.002481 0.953221 -0.144741 0.000000  
-0.007189 10.414930 6.667053 1.000000  
1.000000 0.000000 0.000000 0.000000  
0.000000 1.000000 0.000000 0.000000  
0.000000 0.000000 1.000000 0.000000  
0.000000 0.000000 0.000000 1.000000  
1.000000 0.000000 0.000000 0.000000  
0.000000 0.000000 -1.000000 0.000000  
0.000000 1.000000 0.000000 0.000000  
0.000000 0.000000 0.000000 1.000000  
1.108354 -0.006107 0.000796 0.000000  
0.000938 0.034514 -1.040740 0.000000  
0.004035 0.966414 0.032053 0.000000  
-0.000275 10.699065 2.588974 1.000000  
1.108351 -0.006020 0.002798 0.000000  
0.002395 -0.123646 -1.032019 0.000000  
0.004308 0.959093 -0.138190 0.000000  
-0.007094 10.882200 6.847829 1.000000  
1.000000 0.000000 0.000000 0.000000  
0.000000 1.000000 0.000000 0.000000  
0.000000 0.000000 1.000000 0.000000  
0.000000 0.000000 0.000000 1.000000  
1.000000 0.000000 0.000000 0.000000  
0.000000 0.000000 -1.000000 0.000000  
0.000000 1.000000 0.000000 0.000000  
0.000000 0.000000 0.000000 1.000000  
1.108025 -0.008082 0.000766 0.000000  
0.001008 0.040004 -1.035108 0.000000  
0.005839 0.971402 0.037548 0.000000  
-0.000527 11.157784 2.785021 1.000000  
1.108022 -0.008005 0.002759 0.000000  
0.002169 -0.119047 -1.027360 0.000000  
0.006099 0.964910 -0.131849 0.000000  
-0.007027 11.320189 7.022730 1.000000  
1.000000 0.000000 0.000000 0.000000  
0.000000 1.000000 0.000000 0.000000  
0.000000 0.000000 1.000000 0.000000  
0.000000 0.000000 0.000000 1.000000  
1.000000 0.000000 0.000000 0.000000  
0.000000 0.000000 -1.000000 0.000000  
0.000000 1.000000 0.000000 0.000000  
0.000000 0.000000 0.000000 1.000000  
1.107678 -0.009947 0.000726 0.000000  
0.001080 0.045070 -1.029455 0.000000  
0.007566 0.976385 0.042754 0.000000  
-0.000768 11.581414 2.973488 1.000000  
1.107675 -0.009878 0.002709 0.000000  
0.001958 -0.114866 -1.022632 0.000000  
0.007814 0.970652 -0.125790 0.000000  
-0.006983 11.724821 7.189867 1.000000  
1.000000 0.000000 0.000000 0.000000  
0.000000 1.000000 0.000000 0.000000  
0.000000 0.000000 1.000000 0.000000  
0.000000 0.000000 0.000000 1.000000  
1.000000 0.000000 0.000000 0.000000  
0.000000 0.000000 -1.000000 0.000000  
0.000000 1.000000 0.000000 0.000000  
0.000000 0.000000 0.000000 1.000000  
1.107309 -0.011662 0.000680 0.000000  
0.001152 0.049650 -1.023808 0.000000  
0.009179 0.981352 0.047601 0.000000  
-0.000994 11.965638 3.152403 1.000000  
1.107306 -0.011602 0.002653 0.000000  
0.001765 -0.111161 -1.017851 0.000000  
0.009418 0.976300 -0.120087 0.000000  
-0.006960 12.092022 7.347358 1.000000  
1.000000 0.000000 0.000000 0.000000  
0.000000 1.000000 0.000000 0.000000  
0.000000 0.000000 1.000000 0.000000  
0.000000 0.000000 0.000000 1.000000  
1.000000 0.000000 0.000000 0.000000  
0.000000 0.000000 -1.000000 0.000000  
0.000000 1.000000 0.000000 0.000000  
0.000000 0.000000 0.000000 1.000000  
1.106914 -0.013194 0.000630 0.000000  
0.001221 0.053684 -1.018195 0.000000  
0.010646 0.986298 0.052015 0.000000  
-0.001200 12.306134 3.319794 1.000000  
1.106911 -0.013140 0.002593 0.000000  
0.001592 -0.107991 -1.013034 0.000000  
0.010876 0.981838 -0.114816 0.000000  
-0.006952 12.417715 7.493315 1.000000  
1.000000 0.000000 0.000000 0.000000  
0.000000 1.000000 0.000000 0.000000  
0.000000 0.000000 1.000000 0.000000  
0.000000 0.000000 0.000000 1.000000  
1.000000 0.000000 0.000000 0.000000  
0.000000 0.000000 -1.000000 0.000000  
0.000000 1.000000 0.000000 0.000000  
0.000000 0.000000 0.000000 1.000000  
1.106492 -0.014510 0.000582 0.000000  
0.001283 0.057114 -1.012643 0.000000  
0.011936 0.991215 0.055921 0.000000  
-0.001381 12.598576 3.473689 1.000000  
1.106489 -0.014462 0.002534 0.000000  
0.001442 -0.105411 -1.008193 0.000000  
0.012159 0.987248 -0.110057 0.000000  
-0.006950 12.697811 7.625857 1.000000  
1.000000 0.000000 0.000000 0.000000  
0.000000 1.000000 0.000000 0.000000  
0.000000 0.000000 1.000000 0.000000  
0.000000 0.000000 0.000000 1.000000  
1.000000 0.000000 0.000000 0.000000  
0.000000 0.000000 -1.000000 0.000000  
0.000000 1.000000 0.000000 0.000000  
0.000000 0.000000 0.000000 1.000000  
1.106038 -0.015584 0.000538 0.000000  
0.001335 0.059881 -1.007181 0.000000  
0.013021 0.996097 0.059239 0.000000  
-0.001533 12.838639 3.612114 1.000000  
1.106035 -0.015541 0.002480 0.000000  
0.001315 -0.103481 -1.003346 0.000000  
0.013238 0.992516 -0.105892 0.000000  
-0.006950 12.928221 7.743100 1.000000  
1.000000 0.000000 0.000000 0.000000  
0.000000 1.000000 0.000000 0.000000  
0.000000 0.000000 1.000000 0.000000  
0.000000 0.000000 0.000000 1.000000  
1.000000 0.000000 0.000000 0.000000  
0.000000 0.000000 -1.000000 0.000000  
0.000000 1.000000 0.000000 0.000000  
0.000000 0.000000 0.000000 1.000000  
1.105550 -0.016395 0.000502 0.000000  
0.001374 0.061926 -1.001836 0.000000  
0.013878 1.000938 0.061889 0.000000  
-0.001654 13.021997 3.733097 1.000000  
1.105548 -0.016355 0.002434 0.000000  
0.001214 -0.102254 -0.998505 0.000000  
0.014089 0.997626 -0.102405 0.000000  
-0.006942 13.104858 7.843156 1.000000  
1.000000 0.000000 0.000000 0.000000  
0.000000 1.000000 0.000000 0.000000  
0.000000 0.000000 1.000000 0.000000  
0.000000 0.000000 0.000000 1.000000  
1.000000 0.000000 0.000000 0.000000  
0.000000 0.000000 -1.000000 0.000000  
0.000000 1.000000 0.000000 0.000000  
0.000000 0.000000 0.000000 1.000000  
1.105025 -0.016922 0.000476 0.000000  
0.001399 0.063190 -0.996636 0.000000  
0.014484 1.005731 0.063788 0.000000  
-0.001740 13.144319 3.834662 1.000000  
1.105022 -0.016883 0.002400 0.000000  
0.001138 -0.101790 -0.993684 0.000000  
0.014691 1.002561 -0.099684 0.000000  
-0.006924 13.223625 7.924130 1.000000  
1.000000 0.000000 0.000000 0.000000  
0.000000 1.000000 0.000000 0.000000  
0.000000 0.000000 1.000000 0.000000  
0.000000 0.000000 0.000000 1.000000  
1.000000 0.000000 0.000000 0.000000  
0.000000 0.000000 -1.000000 0.000000  
0.000000 1.000000 0.000000 0.000000  
0.000000 0.000000 0.000000 1.000000  
1.104458 -0.017149 0.000465 0.000000  
0.001407 0.063617 -0.991605 0.000000  
0.014819 1.010468 0.064849 0.000000  
-0.001788 13.201271 3.914837 1.000000  
1.104456 -0.017110 0.002379 0.000000  
0.001090 -0.102142 -0.988895 0.000000  
0.015023 1.007304 -0.097816 0.000000  
-0.006890 13.280422 7.984127 1.000000  
1.000000 0.000000 0.000000 0.000000  
0.000000 1.000000 0.000000 0.000000  
0.000000 0.000000 1.000000 0.000000  
0.000000 0.000000 0.000000 1.000000  
1.000000 0.000000 0.000000 0.000000  
0.000000 0.000000 -1.000000 0.000000  
0.000000 1.000000 0.000000 0.000000  
0.000000 0.000000 0.000000 1.000000  
1.103850 -0.016840 0.000474 0.000000  
0.001391 0.063299 -0.986758 0.000000  
0.014662 1.015133 0.065140 0.000000  
-0.001768 13.179831 3.975483 1.000000  
1.103848 -0.016801 0.002378 0.000000  
0.001099 -0.103217 -0.984160 0.000000  
0.014865 1.011855 -0.096738 0.000000  
-0.006854 13.261847 8.025087 1.000000  
1.000000 0.000000 0.000000 0.000000  
0.000000 1.000000 0.000000 0.000000  
0.000000 0.000000 1.000000 0.000000  
0.000000 0.000000 0.000000 1.000000  
1.000000 0.000000 0.000000 0.000000  
0.000000 0.000000 -1.000000 0.000000  
0.000000 1.000000 0.000000 0.000000  
0.000000 0.000000 0.000000 1.000000  
1.103206 -0.015344 0.000515 0.000000  
0.001332 0.062688 -0.982085 0.000000  
0.013401 1.019687 0.065107 0.000000  
-0.001594 13.054287 4.028228 1.000000  
1.103203 -0.015303 0.002411 0.000000  
0.001245 -0.104560 -0.979544 0.000000  
0.013612 1.016248 -0.096008 0.000000  
-0.006861 13.140316 8.058745 1.000000  
1.000000 0.000000 0.000000 0.000000  
0.000000 1.000000 0.000000 0.000000  
0.000000 0.000000 1.000000 0.000000  
0.000000 0.000000 0.000000 1.000000  
1.000000 0.000000 0.000000 0.000000  
0.000000 0.000000 -1.000000 0.000000  
0.000000 1.000000 0.000000 0.000000  
0.000000 0.000000 0.000000 1.000000  
1.102514 -0.012774 0.000585 0.000000  
0.001236 0.061791 -0.977602 0.000000  
0.011125 1.024108 0.064745 0.000000  
-0.001278 12.832678 4.074432 1.000000  
1.102511 -0.012730 0.002472 0.000000  
0.001521 -0.106161 -0.975062 0.000000  
0.011351 1.020464 -0.095634 0.000000  
-0.006916 12.923841 8.086530 1.000000  
1.000000 0.000000 0.000000 0.000000  
0.000000 1.000000 0.000000 0.000000  
0.000000 0.000000 1.000000 0.000000  
0.000000 0.000000 0.000000 1.000000  
1.000000 0.000000 0.000000 0.000000  
0.000000 0.000000 -1.000000 0.000000  
0.000000 1.000000 0.000000 0.000000  
0.000000 0.000000 0.000000 1.000000  
1.101761 -0.009329 0.000677 0.000000  
0.001112 0.060547 -0.973332 0.000000  
0.008007 1.028373 0.063980 0.000000  
-0.000846 12.525478 4.114546 1.000000  
1.101758 -0.009282 0.002555 0.000000  
0.001906 -0.108077 -0.970724 0.000000  
0.008254 1.024469 -0.095691 0.000000  
-0.007017 12.623135 8.108954 1.000000  
1.000000 0.000000 0.000000 0.000000  
0.000000 1.000000 0.000000 0.000000  
0.000000 0.000000 1.000000 0.000000  
0.000000 0.000000 0.000000 1.000000  
1.000000 0.000000 0.000000 0.000000  
0.000000 0.000000 -1.000000 0.000000  
0.000000 1.000000 0.000000 0.000000  
0.000000 0.000000 0.000000 1.000000  
1.100934 -0.005236 0.000779 0.000000  
0.000967 0.058890 -0.969294 0.000000  
0.004248 1.032460 0.062732 0.000000  
-0.000324 12.143157 4.149023 1.000000  
1.100931 -0.005185 0.002650 0.000000  
0.002375 -0.110372 -0.966536 0.000000  
0.004522 1.028232 -0.096265 0.000000  
-0.007163 12.248934 8.126531 1.000000  
1.000000 0.000000 0.000000 0.000000  
0.000000 1.000000 0.000000 0.000000  
0.000000 0.000000 1.000000 0.000000  
0.000000 0.000000 0.000000 1.000000  
1.000000 0.000000 0.000000 0.000000  
0.000000 0.000000 -1.000000 0.000000  
0.000000 1.000000 0.000000 0.000000  
0.000000 0.000000 0.000000 1.000000  
1.100022 -0.000735 0.000883 0.000000  
0.000814 0.056762 -0.965509 0.000000  
0.000068 1.036348 0.060927 0.000000  
0.000256 11.696172 4.178312 1.000000  
1.100019 -0.000679 0.002746 0.000000  
0.002904 -0.113097 -0.962507 0.000000  
0.000372 1.031721 -0.097428 0.000000  
-0.007355 11.811920 8.139765 1.000000  
1.000000 0.000000 0.000000 0.000000  
0.000000 1.000000 0.000000 0.000000  
0.000000 0.000000 1.000000 0.000000  
0.000000 0.000000 0.000000 1.000000  
1.000000 0.000000 0.000000 0.000000  
0.000000 0.000000 -1.000000 0.000000  
0.000000 1.000000 0.000000 0.000000  
0.000000 0.000000 0.000000 1.000000  
1.099016 0.003927 0.000976 0.000000  
0.000662 0.054135 -0.961993 0.000000  
-0.004303 1.040012 0.058523 0.000000  
0.000863 11.194974 4.202859 1.000000  
1.099012 0.003988 0.002832 0.000000  
0.003465 -0.116277 -0.958646 0.000000  
-0.003965 1.034908 -0.099225 0.000000  
-0.007589 11.322653 8.149155 1.000000  
1.000000 0.000000 0.000000 0.000000  
0.000000 1.000000 0.000000 0.000000  
0.000000 0.000000 1.000000 0.000000  
0.000000 0.000000 0.000000 1.000000  
1.000000 0.000000 0.000000 0.000000  
0.000000 0.000000 -1.000000 0.000000  
0.000000 1.000000 0.000000 0.000000  
0.000000 0.000000 0.000000 1.000000  
1.097912 0.008509 0.001048 0.000000  
0.000522 0.051016 -0.958760 0.000000  
-0.008635 1.043432 0.055517 0.000000  
0.001464 10.650011 4.223103 1.000000  
1.097908 0.008577 0.002897 0.000000  
0.004031 -0.119903 -0.954966 0.000000  
-0.008262 1.037774 -0.101663 0.000000  
-0.007863 10.791550 8.155196 1.000000  
1.000000 0.000000 0.000000 0.000000  
0.000000 1.000000 0.000000 0.000000  
0.000000 0.000000 1.000000 0.000000  
0.000000 0.000000 0.000000 1.000000  
1.000000 0.000000 0.000000 0.000000  
0.000000 0.000000 -1.000000 0.000000  
0.000000 1.000000 0.000000 0.000000  
0.000000 0.000000 0.000000 1.000000  
1.096709 0.012789 0.001093 0.000000  
0.000401 0.047452 -0.955822 0.000000  
-0.012713 1.046586 0.051952 0.000000  
0.002029 10.071729 4.239476 1.000000  
1.096704 0.012864 0.002936 0.000000  
0.004575 -0.123926 -0.951486 0.000000  
-0.012306 1.040304 -0.104701 0.000000  
-0.008165 10.228859 8.158381 1.000000  
1.000000 0.000000 0.000000 0.000000  
0.000000 1.000000 0.000000 0.000000  
0.000000 0.000000 1.000000 0.000000  
0.000000 0.000000 0.000000 1.000000  
1.000000 0.000000 0.000000 0.000000  
0.000000 0.000000 -1.000000 0.000000  
0.000000 1.000000 0.000000 0.000000  
0.000000 0.000000 0.000000 1.000000  
1.095409 0.016579 0.001104 0.000000  
0.000304 0.043526 -0.953187 0.000000  
-0.016353 1.049451 0.047917 0.000000  
0.002533 9.470567 4.252406 1.000000  
1.095403 0.016662 0.002942 0.000000  
0.005071 -0.128260 -0.948228 0.000000  
-0.015912 1.042491 -0.108253 0.000000  
-0.008482 9.644665 8.159204 1.000000  
1.000000 0.000000 0.000000 0.000000  
0.000000 1.000000 0.000000 0.000000  
0.000000 0.000000 1.000000 0.000000  
0.000000 0.000000 0.000000 1.000000  
1.000000 0.000000 0.000000 0.000000  
0.000000 0.000000 -1.000000 0.000000  
0.000000 1.000000 0.000000 0.000000  
0.000000 0.000000 0.000000 1.000000  
1.094015 0.019739 0.001083 0.000000  
0.000233 0.039356 -0.950865 0.000000  
-0.019410 1.052006 0.043538 0.000000  
0.002956 8.856967 4.262312 1.000000  
1.094010 0.019830 0.002916 0.000000  
0.005497 -0.132785 -0.945222 0.000000  
-0.018941 1.044333 -0.112194 0.000000  
-0.008791 9.048931 8.158162 1.000000  
1.000000 0.000000 0.000000 0.000000  
0.000000 1.000000 0.000000 0.000000  
0.000000 0.000000 1.000000 0.000000  
0.000000 0.000000 0.000000 1.000000  
1.000000 0.000000 0.000000 0.000000  
0.000000 0.000000 -1.000000 0.000000  
0.000000 1.000000 0.000000 0.000000  
0.000000 0.000000 0.000000 1.000000  
1.092531 0.022181 0.001034 0.000000  
0.000187 0.035079 -0.948864 0.000000  
-0.021794 1.054233 0.038970 0.000000  
0.003284 8.241368 4.269613 1.000000  
1.092525 0.022281 0.002861 0.000000  
0.005838 -0.137363 -0.942503 0.000000  
-0.021300 1.045832 -0.116374 0.000000  
-0.009068 8.451529 8.155766 1.000000  
1.000000 0.000000 0.000000 0.000000  
0.000000 1.000000 0.000000 0.000000  
0.000000 0.000000 1.000000 0.000000  
0.000000 0.000000 0.000000 1.000000  
1.000000 0.000000 0.000000 0.000000  
0.000000 0.000000 -1.000000 0.000000  
0.000000 1.000000 0.000000 0.000000  
0.000000 0.000000 0.000000 1.000000  
1.090958 0.023879 0.000962 0.000000  
0.000162 0.030840 -0.947197 0.000000  
-0.023469 1.056109 0.034382 0.000000  
0.003513 7.634215 4.274721 1.000000  
1.090952 0.023987 0.002785 0.000000  
0.006083 -0.141849 -0.940110 0.000000  
-0.022958 1.046991 -0.120629 0.000000  
-0.009290 7.862303 8.152532 1.000000  
1.000000 0.000000 0.000000 0.000000  
0.000000 1.000000 0.000000 0.000000  
0.000000 0.000000 1.000000 0.000000  
0.000000 0.000000 0.000000 1.000000  
1.000000 0.000000 0.000000 0.000000  
0.000000 0.000000 -1.000000 0.000000  
0.000000 1.000000 0.000000 0.000000  
0.000000 0.000000 0.000000 1.000000  
1.089294 0.024860 0.000876 0.000000  
0.000151 0.026778 -0.945878 0.000000  
-0.024456 1.057616 0.029937 0.000000  
0.003646 7.045955 4.278053 1.000000  
1.089288 0.024976 0.002696 0.000000  
0.006231 -0.146100 -0.938084 0.000000  
-0.023933 1.047816 -0.124799 0.000000  
-0.009438 7.291124 8.148990 1.000000  
1.000000 0.000000 0.000000 0.000000  
0.000000 1.000000 0.000000 0.000000  
0.000000 0.000000 1.000000 0.000000  
0.000000 0.000000 0.000000 1.000000  
1.000000 0.000000 0.000000 0.000000  
0.000000 0.000000 -1.000000 0.000000  
0.000000 1.000000 0.000000 0.000000  
0.000000 0.000000 0.000000 1.000000  
1.087536 0.025205 0.000784 0.000000  
0.000150 0.023016 -0.944925 0.000000  
-0.024825 1.058734 0.025784 0.000000  
0.003693 6.487035 4.280027 1.000000  
1.087530 0.025329 0.002602 0.000000  
0.006286 -0.149993 -0.936465 0.000000  
-0.024298 1.048305 -0.128740 0.000000  
-0.009502 6.747931 8.145679 1.000000  
1.000000 0.000000 0.000000 0.000000  
0.000000 1.000000 0.000000 0.000000  
0.000000 0.000000 1.000000 0.000000  
0.000000 0.000000 0.000000 1.000000  
1.000000 0.000000 0.000000 0.000000  
0.000000 0.000000 -1.000000 0.000000  
0.000000 1.000000 0.000000 0.000000  
0.000000 0.000000 0.000000 1.000000  
1.085677 0.025031 0.000695 0.000000  
0.000153 0.019653 -0.944356 0.000000  
-0.024687 1.059445 0.022044 0.000000  
0.003669 5.967916 4.281063 1.000000  
1.085671 0.025162 0.002511 0.000000  
0.006263 -0.153428 -0.935294 0.000000  
-0.024161 1.048458 -0.132338 0.000000  
-0.009486 6.242781 8.143139 1.000000  
1.000000 0.000000 0.000000 0.000000  
0.000000 1.000000 0.000000 0.000000  
0.000000 0.000000 1.000000 0.000000  
0.000000 0.000000 0.000000 1.000000  
1.000000 0.000000 0.000000 0.000000  
0.000000 0.000000 -1.000000 0.000000  
0.000000 1.000000 0.000000 0.000000  
0.000000 0.000000 0.000000 1.000000  
1.083709 0.024484 0.000613 0.000000  
0.000158 0.016755 -0.944193 0.000000  
-0.024179 1.059731 0.018802 0.000000  
0.003593 5.499060 4.281589 1.000000  
1.083703 0.024620 0.002429 0.000000  
0.006181 -0.156334 -0.934604 0.000000  
-0.023659 1.048267 -0.135510 0.000000  
-0.009403 5.785847 8.141912 1.000000  
1.000000 0.000000 0.000000 0.000000  
0.000000 1.000000 0.000000 0.000000  
0.000000 0.000000 1.000000 0.000000  
0.000000 0.000000 0.000000 1.000000  
1.000000 0.000000 0.000000 0.000000  
0.000000 0.000000 -1.000000 0.000000  
0.000000 1.000000 0.000000 0.000000  
0.000000 0.000000 0.000000 1.000000  
1.080637 0.023579 0.000534 0.000000  
0.000162 0.014051 -0.945130 0.000000  
-0.023316 1.058835 0.015737 0.000000  
0.003465 5.034225 4.213303 1.000000  
1.080631 0.023720 0.002350 0.000000  
0.006038 -0.158858 -0.935029 0.000000  
-0.022808 1.046941 -0.138686 0.000000  
-0.009247 5.331755 8.076425 1.000000  
1.000000 0.000000 0.000000 0.000000  
0.000000 1.000000 0.000000 0.000000  
0.000000 0.000000 1.000000 0.000000  
0.000000 0.000000 0.000000 1.000000  
1.000000 0.000000 0.000000 0.000000  
0.000000 0.000000 -1.000000 0.000000  
0.000000 1.000000 0.000000 0.000000  
0.000000 0.000000 0.000000 1.000000  
1.075706 0.022209 0.000450 0.000000  
0.000164 0.011324 -0.947656 0.000000  
-0.021996 1.056212 0.012617 0.000000  
0.003267 4.528857 4.022098 1.000000  
1.075700 0.022355 0.002271 0.000000  
0.005816 -0.161123 -0.937012 0.000000  
-0.021506 1.043909 -0.142177 0.000000  
-0.008992 4.836641 7.894485 1.000000  
1.000000 0.000000 0.000000 0.000000  
0.000000 1.000000 0.000000 0.000000  
0.000000 0.000000 1.000000 0.000000  
0.000000 0.000000 0.000000 1.000000  
1.000000 0.000000 0.000000 0.000000  
0.000000 0.000000 -1.000000 0.000000  
0.000000 1.000000 0.000000 0.000000  
0.000000 0.000000 0.000000 1.000000  
1.069273 0.020383 0.000368 0.000000  
0.000163 0.008705 -0.951488 0.000000  
-0.020222 1.052165 0.009622 0.000000  
0.003003 3.995945 3.729674 1.000000  
1.069267 0.020533 0.002196 0.000000  
0.005513 -0.163050 -0.940305 0.000000  
-0.019757 1.039488 -0.145757 0.000000  
-0.008631 4.313072 7.616701 1.000000  
1.000000 0.000000 0.000000 0.000000  
0.000000 1.000000 0.000000 0.000000  
0.000000 0.000000 1.000000 0.000000  
0.000000 0.000000 0.000000 1.000000  
1.000000 0.000000 0.000000 0.000000  
0.000000 0.000000 -1.000000 0.000000  
0.000000 1.000000 0.000000 0.000000  
0.000000 0.000000 0.000000 1.000000  
1.061690 0.018159 0.000292 0.000000  
0.000156 0.006314 -0.956345 0.000000  
-0.018049 1.046996 0.006909 0.000000  
0.002680 3.448473 3.357721 1.000000  
1.061685 0.018313 0.002129 0.000000  
0.005137 -0.164570 -0.944653 0.000000  
-0.017616 1.033998 -0.149226 0.000000  
-0.008170 3.773636 7.263660 1.000000  
1.000000 0.000000 0.000000 0.000000  
0.000000 1.000000 0.000000 0.000000  
0.000000 0.000000 1.000000 0.000000  
0.000000 0.000000 0.000000 1.000000  
1.000000 0.000000 0.000000 0.000000  
0.000000 0.000000 -1.000000 0.000000  
0.000000 1.000000 0.000000 0.000000  
0.000000 0.000000 0.000000 1.000000  
1.053312 0.015637 0.000226 0.000000  
0.000144 0.004251 -0.961944 0.000000  
-0.015572 1.041006 0.004598 0.000000  
0.002312 2.899414 2.927912 1.000000  
1.053307 0.015794 0.002073 0.000000  
0.004705 -0.165633 -0.949801 0.000000  
-0.015175 1.027751 -0.152420 0.000000  
-0.007623 3.231001 6.855933 1.000000  
1.000000 0.000000 0.000000 0.000000  
0.000000 1.000000 0.000000 0.000000  
0.000000 0.000000 1.000000 0.000000  
0.000000 0.000000 0.000000 1.000000  
1.000000 0.000000 0.000000 0.000000  
0.000000 0.000000 -1.000000 0.000000  
0.000000 1.000000 0.000000 0.000000  
0.000000 0.000000 0.000000 1.000000  
1.044489 0.012944 0.000169 0.000000  
0.000126 0.002583 -0.968007 0.000000  
-0.012916 1.034500 0.002759 0.000000  
0.001919 2.361740 2.461917 1.000000  
1.044485 0.013104 0.002028 0.000000  
0.004237 -0.166221 -0.955483 0.000000  
-0.012559 1.021060 -0.155224 0.000000  
-0.007017 2.697964 6.414072 1.000000  
1.000000 0.000000 0.000000 0.000000  
0.000000 1.000000 0.000000 0.000000  
0.000000 0.000000 1.000000 0.000000  
0.000000 0.000000 0.000000 1.000000  
1.000000 0.000000 0.000000 0.000000  
0.000000 0.000000 -1.000000 0.000000  
0.000000 1.000000 0.000000 0.000000  
0.000000 0.000000 0.000000 1.000000  
1.035576 0.010223 0.000123 0.000000  
0.000103 0.001342 -0.974255 0.000000  
-0.010220 1.027781 0.001414 0.000000  
0.001519 1.848419 1.981408 1.000000  
1.035572 0.010383 0.001994 0.000000  
0.003758 -0.166355 -0.961427 0.000000  
-0.009904 1.014228 -0.157570 0.000000  
-0.006387 2.187469 5.958612 1.000000  
1.000000 0.000000 0.000000 0.000000  
0.000000 1.000000 0.000000 0.000000  
0.000000 0.000000 1.000000 0.000000  
0.000000 0.000000 0.000000 1.000000  
1.000000 0.000000 0.000000 0.000000  
0.000000 0.000000 -1.000000 0.000000  
0.000000 1.000000 0.000000 0.000000  
0.000000 0.000000 0.000000 1.000000  
1.026926 0.007613 0.000086 0.000000  
0.000079 0.000514 -0.980407 0.000000  
-0.007625 1.021154 0.000535 0.000000  
0.001134 1.372418 1.508055 1.000000  
1.026923 0.007774 0.001968 0.000000  
0.003294 -0.166095 -0.967353 0.000000  
-0.007349 1.007554 -0.159441 0.000000  
-0.005769 1.712633 5.510077 1.000000  
1.000000 0.000000 0.000000 0.000000  
0.000000 1.000000 0.000000 0.000000  
0.000000 0.000000 1.000000 0.000000  
0.000000 0.000000 0.000000 1.000000  
1.000000 0.000000 0.000000 0.000000  
0.000000 0.000000 -1.000000 0.000000  
0.000000 1.000000 0.000000 0.000000  
0.000000 0.000000 0.000000 1.000000  
1.018897 0.005243 0.000057 0.000000  
0.000055 0.000051 -0.986183 0.000000  
-0.005261 1.014924 0.000052 0.000000  
0.000784 0.946714 1.063543 1.000000  
1.018894 0.005404 0.001950 0.000000  
0.002869 -0.165541 -0.972973 0.000000  
-0.005021 1.001332 -0.160860 0.000000  
-0.005199 1.286741 5.088980 1.000000  
1.000000 0.000000 0.000000 0.000000  
0.000000 1.000000 0.000000 0.000000  
0.000000 0.000000 1.000000 0.000000  
0.000000 0.000000 0.000000 1.000000  
1.000000 0.000000 0.000000 0.000000  
0.000000 0.000000 -1.000000 0.000000  
0.000000 1.000000 0.000000 0.000000  
0.000000 0.000000 0.000000 1.000000  
1.011846 0.003221 0.000034 0.000000  
0.000034 -0.000131 -0.991302 0.000000  
-0.003237 1.009399 -0.000134 0.000000  
0.000483 0.584283 0.669562 1.000000  
1.011843 0.003382 0.001937 0.000000  
0.002504 -0.164822 -0.977993 0.000000  
-0.003029 0.995851 -0.161878 0.000000  
-0.004707 0.923208 4.715830 1.000000  
1.000000 0.000000 0.000000 0.000000  
0.000000 1.000000 0.000000 0.000000  
0.000000 0.000000 1.000000 0.000000  
0.000000 0.000000 0.000000 1.000000  
1.000000 0.000000 0.000000 0.000000  
0.000000 0.000000 -1.000000 0.000000  
0.000000 1.000000 0.000000 0.000000  
0.000000 0.000000 0.000000 1.000000  
1.006130 0.001634 0.000017 0.000000  
0.000017 -0.000133 -0.995482 0.000000  
-0.001644 1.004884 -0.000134 0.000000  
0.000245 0.298113 0.347813 1.000000  
1.006127 0.001794 0.001928 0.000000  
0.002217 -0.164091 -0.982117 0.000000  
-0.001462 0.991395 -0.162561 0.000000  
-0.004320 0.635540 4.411144 1.000000  
1.000000 0.000000 0.000000 0.000000  
0.000000 1.000000 0.000000 0.000000  
0.000000 0.000000 1.000000 0.000000  
0.000000 0.000000 0.000000 1.000000  
1.000000 0.000000 0.000000 0.000000  
0.000000 0.000000 -1.000000 0.000000  
0.000000 1.000000 0.000000 0.000000  
0.000000 0.000000 0.000000 1.000000  
1.002108 0.000552 0.000006 0.000000  
0.000006 -0.000061 -0.998441 0.000000  
-0.000556 1.001686 -0.000061 0.000000  
0.000083 0.101203 0.120016 1.000000  
1.002106 0.000711 0.001922 0.000000  
0.002020 -0.163500 -0.985049 0.000000  
-0.000391 0.988252 -0.162971 0.000000  
-0.004055 0.437267 4.195450 1.000000  
