660  
4 
1.000000 0.000000 0.000000 0.000000  
0.000000 1.000000 0.000000 0.000000  
0.000000 0.000000 1.000000 0.000000  
0.000000 0.000000 0.000000 1.000000  
1.000000 0.000000 0.000000 0.000000  
0.000000 0.000000 -1.000000 0.000000  
0.000000 1.000000 0.000000 0.000000  
0.000000 0.000000 0.000000 1.000000  
1.000000 0.000000 0.000000 0.000000  
0.000000 -0.000000 -1.000000 0.000000  
-0.000000 1.000000 -0.000000 0.000000  
0.000000 0.000000 0.000000 1.000000  
0.999998 0.000159 0.001920 0.000000  
0.001920 -0.163166 -0.986597 0.000000  
0.000157 0.986599 -0.163166 0.000000  
-0.003919 0.335253 4.081818 1.000000  
1.000000 0.000000 0.000000 0.000000  
0.000000 1.000000 0.000000 0.000000  
0.000000 0.000000 1.000000 0.000000  
0.000000 0.000000 0.000000 1.000000  
1.000000 0.000000 0.000000 0.000000  
0.000000 0.000000 -1.000000 0.000000  
0.000000 1.000000 0.000000 0.000000  
0.000000 0.000000 0.000000 1.000000  
1.000262 -0.000004 0.000000 0.000000  
0.000000 -0.000000 -1.000262 0.000000  
-0.000004 0.999453 -0.000000 0.000000  
0.000001 0.000076 0.000000 1.000000  
1.000260 0.000155 0.001920 0.000000  
0.001921 -0.163076 -0.986856 0.000000  
0.000153 0.986059 -0.163209 0.000000  
-0.003920 0.335144 4.082889 1.000000  
1.000000 0.000000 0.000000 0.000000  
0.000000 1.000000 0.000000 0.000000  
0.000000 0.000000 1.000000 0.000000  
0.000000 0.000000 0.000000 1.000000  
1.000000 0.000000 0.000000 0.000000  
0.000000 0.000000 -1.000000 0.000000  
0.000000 1.000000 0.000000 0.000000  
0.000000 0.000000 0.000000 1.000000  
1.001039 -0.000015 0.000000 0.000000  
0.000000 -0.000000 -1.001039 0.000000  
-0.000015 0.997834 -0.000000 0.000000  
0.000005 0.000302 0.000000 1.000000  
1.001037 0.000143 0.001922 0.000000  
0.001924 -0.162812 -0.987621 0.000000  
0.000142 0.984462 -0.163335 0.000000  
-0.003923 0.334827 4.086057 1.000000  
1.000000 0.000000 0.000000 0.000000  
0.000000 1.000000 0.000000 0.000000  
0.000000 0.000000 1.000000 0.000000  
0.000000 0.000000 0.000000 1.000000  
1.000000 0.000000 0.000000 0.000000  
0.000000 0.000000 -1.000000 0.000000  
0.000000 1.000000 0.000000 0.000000  
0.000000 0.000000 0.000000 1.000000  
1.002313 -0.000034 0.000000 0.000000  
0.000000 -0.000000 -1.002313 0.000000  
-0.000034 0.995177 0.000000 0.000000  
0.000011 0.000672 0.000000 1.000000  
1.002311 0.000124 0.001924 0.000000  
0.001930 -0.162379 -0.988879 0.000000  
0.000123 0.981840 -0.163543 0.000000  
-0.003928 0.334307 4.091259 1.000000  
1.000000 0.000000 0.000000 0.000000  
0.000000 1.000000 0.000000 0.000000  
0.000000 0.000000 1.000000 0.000000  
0.000000 0.000000 0.000000 1.000000  
1.000000 0.000000 0.000000 0.000000  
0.000000 0.000000 -1.000000 0.000000  
0.000000 1.000000 0.000000 0.000000  
0.000000 0.000000 0.000000 1.000000  
1.004069 -0.000060 0.000000 0.000000  
0.000000 -0.000000 -1.004069 0.000000  
-0.000060 0.991515 0.000000 0.000000  
0.000019 0.001183 0.000000 1.000000  
1.004067 0.000097 0.001927 0.000000  
0.001937 -0.161781 -0.990611 0.000000  
0.000098 0.978227 -0.163830 0.000000  
-0.003936 0.333588 4.098428 1.000000  
1.000000 0.000000 0.000000 0.000000  
0.000000 1.000000 0.000000 0.000000  
0.000000 0.000000 1.000000 0.000000  
0.000000 0.000000 0.000000 1.000000  
1.000000 0.000000 0.000000 0.000000  
0.000000 0.000000 -1.000000 0.000000  
0.000000 1.000000 0.000000 0.000000  
0.000000 0.000000 0.000000 1.000000  
1.006291 -0.000093 0.000000 0.000000  
0.000000 -0.000000 -1.006292 0.000000  
-0.000093 0.986880 0.000000 0.000000  
0.000030 0.001829 0.000000 1.000000  
1.006289 0.000064 0.001932 0.000000  
0.001947 -0.161025 -0.992804 0.000000  
0.000066 0.973654 -0.164192 0.000000  
-0.003945 0.332682 4.107500 1.000000  
1.000000 0.000000 0.000000 0.000000  
0.000000 1.000000 0.000000 0.000000  
0.000000 0.000000 1.000000 0.000000  
0.000000 0.000000 0.000000 1.000000  
1.000000 0.000000 0.000000 0.000000  
0.000000 0.000000 -1.000000 0.000000  
0.000000 1.000000 0.000000 0.000000  
0.000000 0.000000 0.000000 1.000000  
1.008964 -0.000132 0.000000 0.000000  
0.000000 -0.000000 -1.008965 0.000000  
-0.000132 0.981307 0.000000 0.000000  
0.000042 0.002605 -0.000000 1.000000  
1.008962 0.000023 0.001937 0.000000  
0.001959 -0.160116 -0.995441 0.000000  
0.000027 0.968156 -0.164628 0.000000  
-0.003956 0.331591 4.118410 1.000000  
1.000000 0.000000 0.000000 0.000000  
0.000000 1.000000 0.000000 0.000000  
0.000000 0.000000 1.000000 0.000000  
0.000000 0.000000 0.000000 1.000000  
1.000000 0.000000 0.000000 0.000000  
0.000000 0.000000 -1.000000 0.000000  
0.000000 1.000000 0.000000 0.000000  
0.000000 0.000000 0.000000 1.000000  
1.012071 -0.000178 0.000000 0.000000  
0.000000 -0.000000 -1.012072 0.000000  
-0.000178 0.974827 0.000000 0.000000  
0.000057 0.003509 -0.000000 1.000000  
1.012069 -0.000023 0.001943 0.000000  
0.001972 -0.159059 -0.998507 0.000000  
-0.000017 0.961763 -0.165135 0.000000  
-0.003969 0.330320 4.131093 1.000000  
1.000000 0.000000 0.000000 0.000000  
0.000000 1.000000 0.000000 0.000000  
0.000000 0.000000 1.000000 0.000000  
0.000000 0.000000 0.000000 1.000000  
1.000000 0.000000 0.000000 0.000000  
0.000000 0.000000 -1.000000 0.000000  
0.000000 1.000000 0.000000 0.000000  
0.000000 0.000000 0.000000 1.000000  
1.015596 -0.000230 0.000000 0.000000  
0.000000 -0.000000 -1.015597 0.000000  
-0.000230 0.967476 0.000000 0.000000  
0.000074 0.004533 -0.000000 1.000000  
1.015594 -0.000077 0.001949 0.000000  
0.001987 -0.157859 -1.001985 0.000000  
-0.000068 0.954510 -0.165711 0.000000  
-0.003984 0.328882 4.145483 1.000000  
1.000000 0.000000 0.000000 0.000000  
0.000000 1.000000 0.000000 0.000000  
0.000000 0.000000 1.000000 0.000000  
0.000000 0.000000 0.000000 1.000000  
1.000000 0.000000 0.000000 0.000000  
0.000000 0.000000 -1.000000 0.000000  
0.000000 1.000000 0.000000 0.000000  
0.000000 0.000000 0.000000 1.000000  
1.019524 -0.000288 0.000000 0.000000  
0.000000 -0.000000 -1.019525 0.000000  
-0.000288 0.959285 0.000000 0.000000  
0.000092 0.005675 -0.000000 1.000000  
1.019522 -0.000136 0.001957 0.000000  
0.002004 -0.156523 -1.005860 0.000000  
-0.000125 0.946429 -0.166352 0.000000  
-0.004000 0.327276 4.161516 1.000000  
1.000000 0.000000 0.000000 0.000000  
0.000000 1.000000 0.000000 0.000000  
0.000000 0.000000 1.000000 0.000000  
0.000000 0.000000 0.000000 1.000000  
1.000000 0.000000 0.000000 0.000000  
0.000000 0.000000 -1.000000 0.000000  
0.000000 1.000000 0.000000 0.000000  
0.000000 0.000000 0.000000 1.000000  
1.023838 -0.000352 0.000000 0.000000  
0.000000 -0.000000 -1.023840 0.000000  
-0.000352 0.950288 0.000000 0.000000  
0.000112 0.006929 -0.000000 1.000000  
1.023836 -0.000201 0.001965 0.000000  
0.002023 -0.155055 -1.010117 0.000000  
-0.000187 0.937553 -0.167056 0.000000  
-0.004018 0.325516 4.179127 1.000000  
1.000000 0.000000 0.000000 0.000000  
0.000000 1.000000 0.000000 0.000000  
0.000000 0.000000 1.000000 0.000000  
0.000000 0.000000 0.000000 1.000000  
1.000000 0.000000 0.000000 0.000000  
0.000000 0.000000 -1.000000 0.000000  
0.000000 1.000000 0.000000 0.000000  
0.000000 0.000000 0.000000 1.000000  
1.028523 -0.000421 0.000000 0.000000  
0.000000 -0.000000 -1.028525 0.000000  
-0.000421 0.940518 0.000000 0.000000  
0.000135 0.008291 -0.000000 1.000000  
1.028521 -0.000272 0.001974 0.000000  
0.002043 -0.153461 -1.014739 0.000000  
-0.000254 0.927914 -0.167820 0.000000  
-0.004037 0.323601 4.198251 1.000000  
1.000000 0.000000 0.000000 0.000000  
0.000000 1.000000 0.000000 0.000000  
0.000000 0.000000 1.000000 0.000000  
0.000000 0.000000 0.000000 1.000000  
1.000000 0.000000 0.000000 0.000000  
0.000000 0.000000 -1.000000 0.000000  
0.000000 1.000000 0.000000 0.000000  
0.000000 0.000000 0.000000 1.000000  
1.033562 -0.000495 0.000000 0.000000  
0.000000 -0.000000 -1.033565 0.000000  
-0.000496 0.930009 0.000000 0.000000  
0.000158 0.009755 -0.000000 1.000000  
1.033560 -0.000348 0.001984 0.000000  
0.002065 -0.151746 -1.019712 0.000000  
-0.000327 0.917545 -0.168642 0.000000  
-0.004058 0.321543 4.218823 1.000000  
1.000000 0.000000 0.000000 0.000000  
0.000000 1.000000 0.000000 0.000000  
0.000000 0.000000 1.000000 0.000000  
0.000000 0.000000 0.000000 1.000000  
1.000000 0.000000 0.000000 0.000000  
0.000000 0.000000 -1.000000 0.000000  
0.000000 1.000000 0.000000 0.000000  
0.000000 0.000000 0.000000 1.000000  
1.038941 -0.000575 0.000000 0.000000  
0.000000 -0.000000 -1.038943 0.000000  
-0.000575 0.918793 0.000000 0.000000  
0.000184 0.011319 -0.000000 1.000000  
1.038939 -0.000429 0.001994 0.000000  
0.002088 -0.149917 -1.025018 0.000000  
-0.000404 0.906479 -0.169520 0.000000  
-0.004081 0.319347 4.240778 1.000000  
1.000000 0.000000 0.000000 0.000000  
0.000000 1.000000 0.000000 0.000000  
0.000000 0.000000 1.000000 0.000000  
0.000000 0.000000 0.000000 1.000000  
1.000000 0.000000 0.000000 0.000000  
0.000000 0.000000 -1.000000 0.000000  
0.000000 1.000000 0.000000 0.000000  
0.000000 0.000000 0.000000 1.000000  
1.044642 -0.000659 0.000000 0.000000  
0.000000 -0.000000 -1.044645 0.000000  
-0.000659 0.906903 0.000000 0.000000  
0.000211 0.012976 -0.000000 1.000000  
1.044640 -0.000515 0.002005 0.000000  
0.002113 -0.147977 -1.030643 0.000000  
-0.000487 0.894749 -0.170450 0.000000  
-0.004104 0.317020 4.264051 1.000000  
1.000000 0.000000 0.000000 0.000000  
0.000000 1.000000 0.000000 0.000000  
0.000000 0.000000 1.000000 0.000000  
0.000000 0.000000 0.000000 1.000000  
1.000000 0.000000 0.000000 0.000000  
0.000000 0.000000 -1.000000 0.000000  
0.000000 1.000000 0.000000 0.000000  
0.000000 0.000000 0.000000 1.000000  
1.050650 -0.000748 0.000000 0.000000  
0.000000 -0.000000 -1.050654 0.000000  
-0.000748 0.894373 0.000000 0.000000  
0.000239 0.014722 -0.000000 1.000000  
1.050648 -0.000606 0.002017 0.000000  
0.002139 -0.145932 -1.036572 0.000000  
-0.000573 0.882387 -0.171431 0.000000  
-0.004129 0.314564 4.288578 1.000000  
1.000000 0.000000 0.000000 0.000000  
0.000000 1.000000 0.000000 0.000000  
0.000000 0.000000 1.000000 0.000000  
0.000000 0.000000 0.000000 1.000000  
1.000000 0.000000 0.000000 0.000000  
0.000000 0.000000 -1.000000 0.000000  
0.000000 1.000000 0.000000 0.000000  
0.000000 0.000000 0.000000 1.000000  
1.056950 -0.000841 0.000000 0.000000  
0.000000 -0.000000 -1.056954 0.000000  
-0.000841 0.881236 0.000000 0.000000  
0.000269 0.016553 -0.000000 1.000000  
1.056948 -0.000701 0.002029 0.000000  
0.002166 -0.143789 -1.042787 0.000000  
-0.000664 0.869426 -0.172459 0.000000  
-0.004155 0.311993 4.314292 1.000000  
1.000000 0.000000 0.000000 0.000000  
0.000000 1.000000 0.000000 0.000000  
0.000000 0.000000 1.000000 0.000000  
0.000000 0.000000 0.000000 1.000000  
1.000000 0.000000 0.000000 0.000000  
0.000000 0.000000 -1.000000 0.000000  
0.000000 1.000000 0.000000 0.000000  
0.000000 0.000000 0.000000 1.000000  
1.063524 -0.000938 0.000000 0.000000  
0.000000 -0.000000 -1.063529 0.000000  
-0.000938 0.867525 0.000000 0.000000  
0.000300 0.018464 -0.000000 1.000000  
1.063522 -0.000800 0.002042 0.000000  
0.002195 -0.141552 -1.049274 0.000000  
-0.000759 0.855899 -0.173531 0.000000  
-0.004183 0.309307 4.341131 1.000000  
1.000000 0.000000 0.000000 0.000000  
0.000000 1.000000 0.000000 0.000000  
0.000000 0.000000 1.000000 0.000000  
0.000000 0.000000 0.000000 1.000000  
1.000000 0.000000 0.000000 0.000000  
0.000000 0.000000 -1.000000 0.000000  
0.000000 1.000000 0.000000 0.000000  
0.000000 0.000000 0.000000 1.000000  
1.070358 -0.001039 0.000000 0.000000  
0.000000 -0.000000 -1.070363 0.000000  
-0.001039 0.853274 0.000000 0.000000  
0.000332 0.020451 -0.000000 1.000000  
1.070356 -0.000903 0.002055 0.000000  
0.002224 -0.139227 -1.056017 0.000000  
-0.000857 0.841838 -0.174647 0.000000  
-0.004211 0.306515 4.369028 1.000000  
1.000000 0.000000 0.000000 0.000000  
0.000000 1.000000 0.000000 0.000000  
0.000000 0.000000 1.000000 0.000000  
0.000000 0.000000 0.000000 1.000000  
1.000000 0.000000 0.000000 0.000000  
0.000000 0.000000 -1.000000 0.000000  
0.000000 1.000000 0.000000 0.000000  
0.000000 0.000000 0.000000 1.000000  
1.077436 -0.001143 0.000000 0.000000  
0.000000 -0.000000 -1.077441 0.000000  
-0.001143 0.838514 0.000000 0.000000  
0.000365 0.022508 -0.000000 1.000000  
1.077434 -0.001010 0.002068 0.000000  
0.002255 -0.136819 -1.063000 0.000000  
-0.000959 0.827277 -0.175801 0.000000  
-0.004240 0.303625 4.397920 1.000000  
1.000000 0.000000 0.000000 0.000000  
0.000000 1.000000 0.000000 0.000000  
0.000000 0.000000 1.000000 0.000000  
0.000000 0.000000 0.000000 1.000000  
1.000000 0.000000 0.000000 0.000000  
0.000000 0.000000 -1.000000 0.000000  
0.000000 1.000000 0.000000 0.000000  
0.000000 0.000000 0.000000 1.000000  
1.084741 -0.001251 0.000000 0.000000  
0.000000 -0.000000 -1.084747 0.000000  
-0.001251 0.823280 0.000000 0.000000  
0.000400 0.024631 -0.000000 1.000000  
1.084739 -0.001120 0.002082 0.000000  
0.002287 -0.134334 -1.070208 0.000000  
-0.001064 0.812247 -0.176993 0.000000  
-0.004271 0.300640 4.427740 1.000000  
1.000000 0.000000 0.000000 0.000000  
0.000000 1.000000 0.000000 0.000000  
0.000000 0.000000 1.000000 0.000000  
0.000000 0.000000 0.000000 1.000000  
1.000000 0.000000 0.000000 0.000000  
0.000000 0.000000 -1.000000 0.000000  
0.000000 1.000000 0.000000 0.000000  
0.000000 0.000000 0.000000 1.000000  
1.092257 -0.001362 0.000000 0.000000  
0.000000 -0.000000 -1.092264 0.000000  
-0.001362 0.807605 0.000000 0.000000  
0.000435 0.026816 -0.000000 1.000000  
1.092255 -0.001234 0.002097 0.000000  
0.002319 -0.131776 -1.077624 0.000000  
-0.001173 0.796781 -0.178220 0.000000  
-0.004302 0.297571 4.458423 1.000000  
1.000000 0.000000 0.000000 0.000000  
0.000000 1.000000 0.000000 0.000000  
0.000000 0.000000 1.000000 0.000000  
0.000000 0.000000 0.000000 1.000000  
1.000000 0.000000 0.000000 0.000000  
0.000000 0.000000 -1.000000 0.000000  
0.000000 1.000000 0.000000 0.000000  
0.000000 0.000000 0.000000 1.000000  
1.099970 -0.001476 0.000000 0.000000  
0.000000 -0.000000 -1.099977 0.000000  
-0.001476 0.791521 0.000000 0.000000  
0.000471 0.029058 -0.000000 1.000000  
1.099968 -0.001350 0.002111 0.000000  
0.002352 -0.129152 -1.085234 0.000000  
-0.001284 0.780913 -0.179479 0.000000  
-0.004334 0.294424 4.489906 1.000000  
1.000000 0.000000 0.000000 0.000000  
0.000000 1.000000 0.000000 0.000000  
0.000000 0.000000 1.000000 0.000000  
0.000000 0.000000 0.000000 1.000000  
1.000000 0.000000 0.000000 0.000000  
0.000000 0.000000 -1.000000 0.000000  
0.000000 1.000000 0.000000 0.000000  
0.000000 0.000000 0.000000 1.000000  
1.107863 -0.001592 0.000000 0.000000  
0.000000 -0.000000 -1.107870 0.000000  
-0.001592 0.775062 0.000000 0.000000  
0.000509 0.031352 -0.000000 1.000000  
1.107860 -0.001469 0.002127 0.000000  
0.002387 -0.126467 -1.093021 0.000000  
-0.001397 0.764675 -0.180766 0.000000  
-0.004367 0.291199 4.522124 1.000000  
1.000000 0.000000 0.000000 0.000000  
0.000000 1.000000 0.000000 0.000000  
0.000000 0.000000 1.000000 0.000000  
0.000000 0.000000 0.000000 1.000000  
1.000000 0.000000 0.000000 0.000000  
0.000000 0.000000 -1.000000 0.000000  
0.000000 1.000000 0.000000 0.000000  
0.000000 0.000000 0.000000 1.000000  
1.115919 -0.001711 0.000000 0.000000  
0.000000 -0.000000 -1.115927 0.000000  
-0.001711 0.758261 0.000000 0.000000  
0.000547 0.033694 -0.000000 1.000000  
1.115917 -0.001591 0.002142 0.000000  
0.002421 -0.123725 -1.100970 0.000000  
-0.001514 0.748099 -0.182081 0.000000  
-0.004400 0.287909 4.555012 1.000000  
1.000000 0.000000 0.000000 0.000000  
0.000000 1.000000 0.000000 0.000000  
0.000000 0.000000 1.000000 0.000000  
0.000000 0.000000 0.000000 1.000000  
1.000000 0.000000 0.000000 0.000000  
0.000000 0.000000 -1.000000 0.000000  
0.000000 1.000000 0.000000 0.000000  
0.000000 0.000000 0.000000 1.000000  
1.124124 -0.001832 0.000000 0.000000  
0.000000 -0.000000 -1.124132 0.000000  
-0.001832 0.741151 0.000000 0.000000  
0.000585 0.036078 -0.000000 1.000000  
1.124121 -0.001715 0.002158 0.000000  
0.002457 -0.120934 -1.109065 0.000000  
-0.001632 0.731218 -0.183420 0.000000  
-0.004434 0.284557 4.588503 1.000000  
1.000000 0.000000 0.000000 0.000000  
0.000000 1.000000 0.000000 0.000000  
0.000000 0.000000 1.000000 0.000000  
0.000000 0.000000 0.000000 1.000000  
1.000000 0.000000 0.000000 0.000000  
0.000000 0.000000 -1.000000 0.000000  
0.000000 1.000000 0.000000 0.000000  
0.000000 0.000000 0.000000 1.000000  
1.132460 -0.001955 0.000000 0.000000  
0.000000 -0.000000 -1.132470 0.000000  
-0.001955 0.723765 0.000000 0.000000  
0.000625 0.038502 -0.000000 1.000000  
1.132458 -0.001841 0.002174 0.000000  
0.002493 -0.118097 -1.117291 0.000000  
-0.001752 0.714065 -0.184780 0.000000  
-0.004469 0.281155 4.622536 1.000000  
1.000000 0.000000 0.000000 0.000000  
0.000000 1.000000 0.000000 0.000000  
0.000000 0.000000 1.000000 0.000000  
0.000000 0.000000 0.000000 1.000000  
1.000000 0.000000 0.000000 0.000000  
0.000000 0.000000 -1.000000 0.000000  
0.000000 1.000000 0.000000 0.000000  
0.000000 0.000000 0.000000 1.000000  
1.140914 -0.002080 0.000000 0.000000  
0.000000 -0.000000 -1.140924 0.000000  
-0.002080 0.706136 0.000000 0.000000  
0.000664 0.040959 -0.000000 1.000000  
1.140911 -0.001968 0.002190 0.000000  
0.002530 -0.115221 -1.125632 0.000000  
-0.001874 0.696673 -0.186160 0.000000  
-0.004504 0.277699 4.657043 1.000000  
1.000000 0.000000 0.000000 0.000000  
0.000000 1.000000 0.000000 0.000000  
0.000000 0.000000 1.000000 0.000000  
0.000000 0.000000 0.000000 1.000000  
1.000000 0.000000 0.000000 0.000000  
0.000000 0.000000 -1.000000 0.000000  
0.000000 1.000000 0.000000 0.000000  
0.000000 0.000000 0.000000 1.000000  
1.149468 -0.002206 0.000000 0.000000  
0.000000 -0.000000 -1.149478 0.000000  
-0.002207 0.688298 0.000000 0.000000  
0.000705 0.043445 -0.000000 1.000000  
1.149465 -0.002097 0.002206 0.000000  
0.002567 -0.112311 -1.134072 0.000000  
-0.001997 0.679074 -0.187555 0.000000  
-0.004539 0.274206 4.691961 1.000000  
1.000000 0.000000 0.000000 0.000000  
0.000000 1.000000 0.000000 0.000000  
0.000000 0.000000 1.000000 0.000000  
0.000000 0.000000 0.000000 1.000000  
1.000000 0.000000 0.000000 0.000000  
0.000000 0.000000 -1.000000 0.000000  
0.000000 1.000000 0.000000 0.000000  
0.000000 0.000000 0.000000 1.000000  
1.158106 -0.002334 0.000000 0.000000  
0.000000 -0.000000 -1.158117 0.000000  
-0.002334 0.670283 0.000000 0.000000  
0.000746 0.045956 -0.000000 1.000000  
1.158104 -0.002228 0.002223 0.000000  
0.002604 -0.109372 -1.142595 0.000000  
-0.002121 0.661300 -0.188965 0.000000  
-0.004575 0.270679 4.727224 1.000000  
1.000000 0.000000 0.000000 0.000000  
0.000000 1.000000 0.000000 0.000000  
0.000000 0.000000 1.000000 0.000000  
0.000000 0.000000 0.000000 1.000000  
1.000000 0.000000 0.000000 0.000000  
0.000000 0.000000 -1.000000 0.000000  
0.000000 1.000000 0.000000 0.000000  
0.000000 0.000000 0.000000 1.000000  
1.166813 -0.002463 0.000000 0.000000  
0.000000 -0.000000 -1.166825 0.000000  
-0.002463 0.652125 0.000000 0.000000  
0.000787 0.048487 -0.000000 1.000000  
1.166811 -0.002359 0.002240 0.000000  
0.002642 -0.106409 -1.151186 0.000000  
-0.002247 0.643385 -0.190386 0.000000  
-0.004612 0.267122 4.762768 1.000000  
1.000000 0.000000 0.000000 0.000000  
0.000000 1.000000 0.000000 0.000000  
0.000000 0.000000 1.000000 0.000000  
0.000000 0.000000 0.000000 1.000000  
1.000000 0.000000 0.000000 0.000000  
0.000000 0.000000 -1.000000 0.000000  
0.000000 1.000000 0.000000 0.000000  
0.000000 0.000000 0.000000 1.000000  
1.175574 -0.002592 0.000000 0.000000  
0.000000 -0.000000 -1.175586 0.000000  
-0.002592 0.633856 0.000000 0.000000  
0.000828 0.051033 -0.000000 1.000000  
1.175571 -0.002491 0.002257 0.000000  
0.002680 -0.103429 -1.159829 0.000000  
-0.002373 0.625361 -0.191815 0.000000  
-0.004648 0.263544 4.798528 1.000000  
1.000000 0.000000 0.000000 0.000000  
0.000000 1.000000 0.000000 0.000000  
0.000000 0.000000 1.000000 0.000000  
0.000000 0.000000 0.000000 1.000000  
1.000000 0.000000 0.000000 0.000000  
0.000000 0.000000 -1.000000 0.000000  
0.000000 1.000000 0.000000 0.000000  
0.000000 0.000000 0.000000 1.000000  
1.184371 -0.002722 0.000000 0.000000  
0.000000 -0.000000 -1.184384 0.000000  
-0.002722 0.615511 0.000000 0.000000  
0.000869 0.053590 -0.000000 1.000000  
1.184368 -0.002624 0.002273 0.000000  
0.002718 -0.100435 -1.168509 0.000000  
-0.002500 0.607261 -0.193251 0.000000  
-0.004684 0.259952 4.834439 1.000000  
1.000000 0.000000 0.000000 0.000000  
0.000000 1.000000 0.000000 0.000000  
0.000000 0.000000 1.000000 0.000000  
0.000000 0.000000 0.000000 1.000000  
1.000000 0.000000 0.000000 0.000000  
0.000000 0.000000 -1.000000 0.000000  
0.000000 1.000000 0.000000 0.000000  
0.000000 0.000000 0.000000 1.000000  
1.193189 -0.002852 0.000000 0.000000  
0.000000 -0.000000 -1.193203 0.000000  
-0.002852 0.597120 0.000000 0.000000  
0.000911 0.056153 -0.000000 1.000000  
1.193186 -0.002757 0.002290 0.000000  
0.002756 -0.097435 -1.177210 0.000000  
-0.002627 0.589118 -0.194690 0.000000  
-0.004721 0.256350 4.870436 1.000000  
1.000000 0.000000 0.000000 0.000000  
0.000000 1.000000 0.000000 0.000000  
0.000000 0.000000 1.000000 0.000000  
0.000000 0.000000 0.000000 1.000000  
1.000000 0.000000 0.000000 0.000000  
0.000000 0.000000 -1.000000 0.000000  
0.000000 1.000000 0.000000 0.000000  
0.000000 0.000000 0.000000 1.000000  
1.202013 -0.002982 0.000000 0.000000  
0.000000 -0.000000 -1.202027 0.000000  
-0.002982 0.578720 0.000000 0.000000  
0.000953 0.058718 -0.000000 1.000000  
1.202010 -0.002890 0.002307 0.000000  
0.002794 -0.094433 -1.185916 0.000000  
-0.002754 0.570963 -0.196130 0.000000  
-0.004758 0.252745 4.906456 1.000000  
1.000000 0.000000 0.000000 0.000000  
0.000000 1.000000 0.000000 0.000000  
0.000000 0.000000 1.000000 0.000000  
0.000000 0.000000 0.000000 1.000000  
1.000000 0.000000 0.000000 0.000000  
0.000000 0.000000 -1.000000 0.000000  
0.000000 1.000000 0.000000 0.000000  
0.000000 0.000000 0.000000 1.000000  
1.210826 -0.003112 0.000000 0.000000  
0.000000 -0.000000 -1.210841 0.000000  
-0.003112 0.560341 0.000000 0.000000  
0.000994 0.061280 -0.000000 1.000000  
1.210823 -0.003023 0.002324 0.000000  
0.002832 -0.091434 -1.194612 0.000000  
-0.002881 0.552831 -0.197568 0.000000  
-0.004794 0.249147 4.942431 1.000000  
1.000000 0.000000 0.000000 0.000000  
0.000000 1.000000 0.000000 0.000000  
0.000000 0.000000 1.000000 0.000000  
0.000000 0.000000 0.000000 1.000000  
1.000000 0.000000 0.000000 0.000000  
0.000000 0.000000 -1.000000 0.000000  
0.000000 1.000000 0.000000 0.000000  
0.000000 0.000000 0.000000 1.000000  
1.219613 -0.003242 0.000000 0.000000  
0.000000 -0.000000 -1.219628 0.000000  
-0.003242 0.542017 0.000000 0.000000  
0.001036 0.063834 -0.000000 1.000000  
1.219610 -0.003156 0.002341 0.000000  
0.002870 -0.088445 -1.203281 0.000000  
-0.003008 0.534752 -0.199001 0.000000  
-0.004831 0.245559 4.978300 1.000000  
1.000000 0.000000 0.000000 0.000000  
0.000000 1.000000 0.000000 0.000000  
0.000000 0.000000 1.000000 0.000000  
0.000000 0.000000 0.000000 1.000000  
1.000000 0.000000 0.000000 0.000000  
0.000000 0.000000 -1.000000 0.000000  
0.000000 1.000000 0.000000 0.000000  
0.000000 0.000000 0.000000 1.000000  
1.228357 -0.003371 0.000000 0.000000  
0.000000 -0.000000 -1.228373 0.000000  
-0.003371 0.523781 0.000000 0.000000  
0.001077 0.066375 -0.000000 1.000000  
1.228354 -0.003288 0.002358 0.000000  
0.002908 -0.085470 -1.211909 0.000000  
-0.003134 0.516761 -0.200428 0.000000  
-0.004867 0.241987 5.013995 1.000000  
1.000000 0.000000 0.000000 0.000000  
0.000000 1.000000 0.000000 0.000000  
0.000000 0.000000 1.000000 0.000000  
0.000000 0.000000 0.000000 1.000000  
1.000000 0.000000 0.000000 0.000000  
0.000000 0.000000 -1.000000 0.000000  
0.000000 1.000000 0.000000 0.000000  
0.000000 0.000000 0.000000 1.000000  
1.237043 -0.003499 0.000000 0.000000  
0.000000 -0.000000 -1.237060 0.000000  
-0.003499 0.505667 0.000000 0.000000  
0.001118 0.068900 -0.000000 1.000000  
1.237040 -0.003419 0.002375 0.000000  
0.002946 -0.082514 -1.220479 0.000000  
-0.003259 0.498890 -0.201846 0.000000  
-0.004903 0.238440 5.049452 1.000000  
1.000000 0.000000 0.000000 0.000000  
0.000000 1.000000 0.000000 0.000000  
0.000000 0.000000 1.000000 0.000000  
0.000000 0.000000 0.000000 1.000000  
1.000000 0.000000 0.000000 0.000000  
0.000000 0.000000 -1.000000 0.000000  
0.000000 1.000000 0.000000 0.000000  
0.000000 0.000000 0.000000 1.000000  
1.245655 -0.003626 0.000000 0.000000  
0.000000 -0.000000 -1.245672 0.000000  
-0.003626 0.487708 0.000000 0.000000  
0.001158 0.071403 -0.000000 1.000000  
1.245652 -0.003549 0.002391 0.000000  
0.002983 -0.079584 -1.228976 0.000000  
-0.003383 0.481171 -0.203251 0.000000  
-0.004939 0.234922 5.084607 1.000000  
1.000000 0.000000 0.000000 0.000000  
0.000000 1.000000 0.000000 0.000000  
0.000000 0.000000 1.000000 0.000000  
0.000000 0.000000 0.000000 1.000000  
1.000000 0.000000 0.000000 0.000000  
0.000000 0.000000 -1.000000 0.000000  
0.000000 1.000000 0.000000 0.000000  
0.000000 0.000000 0.000000 1.000000  
1.254177 -0.003752 0.000000 0.000000  
0.000000 -0.000000 -1.254195 0.000000  
-0.003752 0.469935 0.000000 0.000000  
0.001199 0.073880 -0.000000 1.000000  
1.254174 -0.003678 0.002407 0.000000  
0.003020 -0.076685 -1.237385 0.000000  
-0.003506 0.463637 -0.204642 0.000000  
-0.004974 0.231441 5.119396 1.000000  
1.000000 0.000000 0.000000 0.000000  
0.000000 1.000000 0.000000 0.000000  
0.000000 0.000000 1.000000 0.000000  
0.000000 0.000000 0.000000 1.000000  
1.000000 0.000000 0.000000 0.000000  
0.000000 0.000000 -1.000000 0.000000  
0.000000 1.000000 0.000000 0.000000  
0.000000 0.000000 0.000000 1.000000  
1.262594 -0.003876 0.000000 0.000000  
0.000000 -0.000000 -1.262612 0.000000  
-0.003877 0.452384 0.000000 0.000000  
0.001238 0.076327 -0.000000 1.000000  
1.262591 -0.003805 0.002424 0.000000  
0.003056 -0.073821 -1.245689 0.000000  
-0.003627 0.446321 -0.206015 0.000000  
-0.005009 0.228004 5.153751 1.000000  
1.000000 0.000000 0.000000 0.000000  
0.000000 1.000000 0.000000 0.000000  
0.000000 0.000000 1.000000 0.000000  
0.000000 0.000000 0.000000 1.000000  
1.000000 0.000000 0.000000 0.000000  
0.000000 0.000000 -1.000000 0.000000  
0.000000 1.000000 0.000000 0.000000  
0.000000 0.000000 0.000000 1.000000  
1.270888 -0.003999 0.000000 0.000000  
0.000000 -0.000000 -1.270907 0.000000  
-0.003999 0.435086 0.000000 0.000000  
0.001277 0.078738 -0.000000 1.000000  
1.270885 -0.003930 0.002440 0.000000  
0.003092 -0.070999 -1.253873 0.000000  
-0.003746 0.429255 -0.207368 0.000000  
-0.005044 0.224617 5.187611 1.000000  
1.000000 0.000000 0.000000 0.000000  
0.000000 1.000000 0.000000 0.000000  
0.000000 0.000000 1.000000 0.000000  
0.000000 0.000000 0.000000 1.000000  
1.000000 0.000000 0.000000 0.000000  
0.000000 0.000000 -1.000000 0.000000  
0.000000 1.000000 0.000000 0.000000  
0.000000 0.000000 0.000000 1.000000  
1.279045 -0.004119 0.000000 0.000000  
0.000000 -0.000000 -1.279065 0.000000  
-0.004119 0.418076 0.000000 0.000000  
0.001316 0.081108 -0.000000 1.000000  
1.279042 -0.004053 0.002455 0.000000  
0.003128 -0.068224 -1.261921 0.000000  
-0.003864 0.412472 -0.208699 0.000000  
-0.005078 0.221286 5.220909 1.000000  
1.000000 0.000000 0.000000 0.000000  
0.000000 1.000000 0.000000 0.000000  
0.000000 0.000000 1.000000 0.000000  
0.000000 0.000000 0.000000 1.000000  
1.000000 0.000000 0.000000 0.000000  
0.000000 0.000000 -1.000000 0.000000  
0.000000 1.000000 0.000000 0.000000  
0.000000 0.000000 0.000000 1.000000  
1.287048 -0.004237 0.000000 0.000000  
0.000000 -0.000000 -1.287069 0.000000  
-0.004238 0.401385 0.000000 0.000000  
0.001354 0.083435 -0.000000 1.000000  
1.287046 -0.004174 0.002471 0.000000  
0.003162 -0.065500 -1.269818 0.000000  
-0.003979 0.396005 -0.210005 0.000000  
-0.005111 0.218016 5.253580 1.000000  
1.000000 0.000000 0.000000 0.000000  
0.000000 1.000000 0.000000 0.000000  
0.000000 0.000000 1.000000 0.000000  
0.000000 0.000000 0.000000 1.000000  
1.000000 0.000000 0.000000 0.000000  
0.000000 0.000000 -1.000000 0.000000  
0.000000 1.000000 0.000000 0.000000  
0.000000 0.000000 0.000000 1.000000  
1.294883 -0.004353 0.000000 0.000000  
0.000000 -0.000000 -1.294903 0.000000  
-0.004353 0.385047 0.000000 0.000000  
0.001391 0.085712 -0.000000 1.000000  
1.294880 -0.004292 0.002486 0.000000  
0.003196 -0.062835 -1.277548 0.000000  
-0.004092 0.379886 -0.211284 0.000000  
-0.005143 0.214817 5.285560 1.000000  
1.000000 0.000000 0.000000 0.000000  
0.000000 1.000000 0.000000 0.000000  
0.000000 0.000000 1.000000 0.000000  
0.000000 0.000000 0.000000 1.000000  
1.000000 0.000000 0.000000 0.000000  
0.000000 0.000000 -1.000000 0.000000  
0.000000 1.000000 0.000000 0.000000  
0.000000 0.000000 0.000000 1.000000  
1.302532 -0.004466 0.000000 0.000000  
0.000000 -0.000000 -1.302553 0.000000  
-0.004466 0.369096 0.000000 0.000000  
0.001427 0.087935 -0.000000 1.000000  
1.302529 -0.004407 0.002500 0.000000  
0.003229 -0.060232 -1.285094 0.000000  
-0.004202 0.364149 -0.212532 0.000000  
-0.005175 0.211693 5.316783 1.000000  
1.000000 0.000000 0.000000 0.000000  
0.000000 1.000000 0.000000 0.000000  
0.000000 0.000000 1.000000 0.000000  
0.000000 0.000000 0.000000 1.000000  
1.000000 0.000000 0.000000 0.000000  
0.000000 0.000000 -1.000000 0.000000  
0.000000 1.000000 0.000000 0.000000  
0.000000 0.000000 0.000000 1.000000  
1.309980 -0.004576 0.000000 0.000000  
0.000000 -0.000000 -1.310001 0.000000  
-0.004576 0.353564 0.000000 0.000000  
0.001462 0.090100 -0.000000 1.000000  
1.309976 -0.004520 0.002515 0.000000  
0.003261 -0.057698 -1.292443 0.000000  
-0.004310 0.348825 -0.213747 0.000000  
-0.005206 0.208652 5.347187 1.000000  
1.000000 0.000000 0.000000 0.000000  
0.000000 1.000000 0.000000 0.000000  
0.000000 0.000000 1.000000 0.000000  
0.000000 0.000000 0.000000 1.000000  
1.000000 0.000000 0.000000 0.000000  
0.000000 0.000000 -1.000000 0.000000  
0.000000 1.000000 0.000000 0.000000  
0.000000 0.000000 0.000000 1.000000  
1.317211 -0.004683 0.000000 0.000000  
0.000000 -0.000000 -1.317233 0.000000  
-0.004683 0.338484 0.000000 0.000000  
0.001496 0.092202 -0.000000 1.000000  
1.317207 -0.004629 0.002529 0.000000  
0.003293 -0.055238 -1.299578 0.000000  
-0.004414 0.333948 -0.214927 0.000000  
-0.005236 0.205698 5.376705 1.000000  
1.000000 0.000000 0.000000 0.000000  
0.000000 1.000000 0.000000 0.000000  
0.000000 0.000000 1.000000 0.000000  
0.000000 0.000000 0.000000 1.000000  
1.000000 0.000000 0.000000 0.000000  
0.000000 0.000000 -1.000000 0.000000  
0.000000 1.000000 0.000000 0.000000  
0.000000 0.000000 0.000000 1.000000  
1.324209 -0.004786 0.000000 0.000000  
0.000000 -0.000000 -1.324231 0.000000  
-0.004786 0.323891 0.000000 0.000000  
0.001529 0.094236 -0.000000 1.000000  
1.324206 -0.004735 0.002542 0.000000  
0.003323 -0.052857 -1.306482 0.000000  
-0.004515 0.319549 -0.216069 0.000000  
-0.005265 0.202839 5.405271 1.000000  
1.000000 0.000000 0.000000 0.000000  
0.000000 1.000000 0.000000 0.000000  
0.000000 0.000000 1.000000 0.000000  
0.000000 0.000000 0.000000 1.000000  
1.000000 0.000000 0.000000 0.000000  
0.000000 0.000000 -1.000000 0.000000  
0.000000 1.000000 0.000000 0.000000  
0.000000 0.000000 0.000000 1.000000  
1.330958 -0.004886 0.000000 0.000000  
0.000000 -0.000000 -1.330981 0.000000  
-0.004886 0.309815 0.000000 0.000000  
0.001561 0.096198 -0.000000 1.000000  
1.330955 -0.004836 0.002555 0.000000  
0.003352 -0.050561 -1.313142 0.000000  
-0.004612 0.305663 -0.217170 0.000000  
-0.005293 0.200083 5.432823 1.000000  
1.000000 0.000000 0.000000 0.000000  
0.000000 1.000000 0.000000 0.000000  
0.000000 0.000000 1.000000 0.000000  
0.000000 0.000000 0.000000 1.000000  
1.000000 0.000000 0.000000 0.000000  
0.000000 0.000000 -1.000000 0.000000  
0.000000 1.000000 0.000000 0.000000  
0.000000 0.000000 0.000000 1.000000  
1.337443 -0.004981 0.000000 0.000000  
0.000000 -0.000000 -1.337466 0.000000  
-0.004981 0.296292 0.000000 0.000000  
0.001591 0.098083 -0.000000 1.000000  
1.337440 -0.004934 0.002567 0.000000  
0.003380 -0.048354 -1.319540 0.000000  
-0.004705 0.292321 -0.218229 0.000000  
-0.005320 0.197434 5.459294 1.000000  
1.000000 0.000000 0.000000 0.000000  
0.000000 1.000000 0.000000 0.000000  
0.000000 0.000000 1.000000 0.000000  
0.000000 0.000000 0.000000 1.000000  
1.000000 0.000000 0.000000 0.000000  
0.000000 0.000000 -1.000000 0.000000  
0.000000 1.000000 0.000000 0.000000  
0.000000 0.000000 0.000000 1.000000  
1.343647 -0.005073 0.000000 0.000000  
0.000000 -0.000000 -1.343671 0.000000  
-0.005073 0.283354 0.000000 0.000000  
0.001620 0.099886 -0.000000 1.000000  
1.343644 -0.005028 0.002579 0.000000  
0.003407 -0.046243 -1.325662 0.000000  
-0.004795 0.279556 -0.219241 0.000000  
-0.005346 0.194901 5.484620 1.000000  
1.000000 0.000000 0.000000 0.000000  
0.000000 1.000000 0.000000 0.000000  
0.000000 0.000000 1.000000 0.000000  
0.000000 0.000000 0.000000 1.000000  
1.000000 0.000000 0.000000 0.000000  
0.000000 0.000000 -1.000000 0.000000  
0.000000 1.000000 0.000000 0.000000  
0.000000 0.000000 0.000000 1.000000  
1.349554 -0.005160 0.000000 0.000000  
0.000000 -0.000000 -1.349579 0.000000  
-0.005160 0.271034 0.000000 0.000000  
0.001648 0.101603 -0.000000 1.000000  
1.349551 -0.005117 0.002591 0.000000  
0.003433 -0.044233 -1.331490 0.000000  
-0.004880 0.267401 -0.220205 0.000000  
-0.005370 0.192488 5.508736 1.000000  
1.000000 0.000000 0.000000 0.000000  
0.000000 1.000000 0.000000 0.000000  
0.000000 0.000000 1.000000 0.000000  
0.000000 0.000000 0.000000 1.000000  
1.000000 0.000000 0.000000 0.000000  
0.000000 0.000000 -1.000000 0.000000  
0.000000 1.000000 0.000000 0.000000  
0.000000 0.000000 0.000000 1.000000  
1.355150 -0.005243 0.000000 0.000000  
0.000000 -0.000000 -1.355175 0.000000  
-0.005243 0.259365 0.000000 0.000000  
0.001675 0.103230 -0.000000 1.000000  
1.355147 -0.005202 0.002601 0.000000  
0.003457 -0.042330 -1.337011 0.000000  
-0.004960 0.255888 -0.221118 0.000000  
-0.005394 0.190203 5.531578 1.000000  
1.000000 0.000000 0.000000 0.000000  
0.000000 1.000000 0.000000 0.000000  
0.000000 0.000000 1.000000 0.000000  
0.000000 0.000000 0.000000 1.000000  
1.000000 0.000000 0.000000 0.000000  
0.000000 0.000000 -1.000000 0.000000  
0.000000 1.000000 0.000000 0.000000  
0.000000 0.000000 0.000000 1.000000  
1.360417 -0.005321 0.000000 0.000000  
0.000000 -0.000000 -1.360442 0.000000  
-0.005321 0.248381 0.000000 0.000000  
0.001700 0.104760 -0.000000 1.000000  
1.360414 -0.005281 0.002611 0.000000  
0.003480 -0.040537 -1.342208 0.000000  
-0.005036 0.245051 -0.221978 0.000000  
-0.005415 0.188051 5.553078 1.000000  
1.000000 0.000000 0.000000 0.000000  
0.000000 1.000000 0.000000 0.000000  
0.000000 0.000000 1.000000 0.000000  
0.000000 0.000000 0.000000 1.000000  
1.000000 0.000000 0.000000 0.000000  
0.000000 0.000000 -1.000000 0.000000  
0.000000 1.000000 0.000000 0.000000  
0.000000 0.000000 0.000000 1.000000  
1.365340 -0.005393 0.000000 0.000000  
0.000000 -0.000000 -1.365366 0.000000  
-0.005393 0.238114 0.000000 0.000000  
0.001723 0.106191 -0.000000 1.000000  
1.365337 -0.005355 0.002621 0.000000  
0.003501 -0.038862 -1.347066 0.000000  
-0.005107 0.234922 -0.222781 0.000000  
-0.005436 0.186041 5.573175 1.000000  
1.000000 0.000000 0.000000 0.000000  
0.000000 1.000000 0.000000 0.000000  
0.000000 0.000000 1.000000 0.000000  
0.000000 0.000000 0.000000 1.000000  
1.000000 0.000000 0.000000 0.000000  
0.000000 0.000000 -1.000000 0.000000  
0.000000 1.000000 0.000000 0.000000  
0.000000 0.000000 0.000000 1.000000  
1.369903 -0.005461 0.000000 0.000000  
0.000000 -0.000000 -1.369929 0.000000  
-0.005461 0.228598 0.000000 0.000000  
0.001744 0.107518 -0.000000 1.000000  
1.369900 -0.005424 0.002630 0.000000  
0.003521 -0.037310 -1.351568 0.000000  
-0.005173 0.225534 -0.223525 0.000000  
-0.005455 0.184177 5.591802 1.000000  
1.000000 0.000000 0.000000 0.000000  
0.000000 1.000000 0.000000 0.000000  
0.000000 0.000000 1.000000 0.000000  
0.000000 0.000000 0.000000 1.000000  
1.000000 0.000000 0.000000 0.000000  
0.000000 0.000000 -1.000000 0.000000  
0.000000 1.000000 0.000000 0.000000  
0.000000 0.000000 0.000000 1.000000  
1.374090 -0.005522 0.000000 0.000000  
0.000000 -0.000000 -1.374117 0.000000  
-0.005522 0.219866 0.000000 0.000000  
0.001764 0.108735 -0.000000 1.000000  
1.374087 -0.005487 0.002638 0.000000  
0.003539 -0.035885 -1.355699 0.000000  
-0.005233 0.216919 -0.224209 0.000000  
-0.005472 0.182467 5.608895 1.000000  
1.000000 0.000000 0.000000 0.000000  
0.000000 1.000000 0.000000 0.000000  
0.000000 0.000000 1.000000 0.000000  
0.000000 0.000000 0.000000 1.000000  
1.000000 0.000000 0.000000 0.000000  
0.000000 0.000000 -1.000000 0.000000  
0.000000 1.000000 0.000000 0.000000  
0.000000 0.000000 0.000000 1.000000  
1.377886 -0.005578 0.000000 0.000000  
0.000000 -0.000000 -1.377912 0.000000  
-0.005579 0.211952 0.000000 0.000000  
0.001782 0.109838 -0.000000 1.000000  
1.377882 -0.005545 0.002645 0.000000  
0.003555 -0.034594 -1.359444 0.000000  
-0.005288 0.209110 -0.224828 0.000000  
-0.005488 0.180917 5.624387 1.000000  
1.000000 0.000000 0.000000 0.000000  
0.000000 1.000000 0.000000 0.000000  
0.000000 0.000000 1.000000 0.000000  
0.000000 0.000000 0.000000 1.000000  
1.000000 0.000000 0.000000 0.000000  
0.000000 0.000000 -1.000000 0.000000  
0.000000 1.000000 0.000000 0.000000  
0.000000 0.000000 0.000000 1.000000  
1.381273 -0.005628 0.000000 0.000000  
0.000000 -0.000000 -1.381300 0.000000  
-0.005629 0.204887 0.000000 0.000000  
0.001798 0.110823 -0.000000 1.000000  
1.381270 -0.005596 0.002651 0.000000  
0.003570 -0.033441 -1.362786 0.000000  
-0.005337 0.202141 -0.225381 0.000000  
-0.005502 0.179533 5.638215 1.000000  
1.000000 0.000000 0.000000 0.000000  
0.000000 1.000000 0.000000 0.000000  
0.000000 0.000000 1.000000 0.000000  
0.000000 0.000000 0.000000 1.000000  
1.000000 0.000000 0.000000 0.000000  
0.000000 0.000000 -1.000000 0.000000  
0.000000 1.000000 0.000000 0.000000  
0.000000 0.000000 0.000000 1.000000  
1.384237 -0.005672 0.000000 0.000000  
0.000000 -0.000000 -1.384264 0.000000  
-0.005672 0.198706 0.000000 0.000000  
0.001812 0.111684 -0.000000 1.000000  
1.384234 -0.005641 0.002657 0.000000  
0.003583 -0.032433 -1.365711 0.000000  
-0.005379 0.196042 -0.225864 0.000000  
-0.005514 0.178323 5.650314 1.000000  
1.000000 0.000000 0.000000 0.000000  
0.000000 1.000000 0.000000 0.000000  
0.000000 0.000000 1.000000 0.000000  
0.000000 0.000000 0.000000 1.000000  
1.000000 0.000000 0.000000 0.000000  
0.000000 0.000000 -1.000000 0.000000  
0.000000 1.000000 0.000000 0.000000  
0.000000 0.000000 0.000000 1.000000  
1.386762 -0.005709 0.000000 0.000000  
0.000000 -0.000000 -1.386789 0.000000  
-0.005710 0.193442 0.000000 0.000000  
0.001824 0.112418 -0.000000 1.000000  
1.386758 -0.005679 0.002662 0.000000  
0.003594 -0.031574 -1.368201 0.000000  
-0.005416 0.190849 -0.226276 0.000000  
-0.005525 0.177292 5.660619 1.000000  
1.000000 0.000000 0.000000 0.000000  
0.000000 1.000000 0.000000 0.000000  
0.000000 0.000000 1.000000 0.000000  
0.000000 0.000000 0.000000 1.000000  
1.000000 0.000000 0.000000 0.000000  
0.000000 0.000000 -1.000000 0.000000  
0.000000 1.000000 0.000000 0.000000  
0.000000 0.000000 0.000000 1.000000  
1.388830 -0.005740 0.000000 0.000000  
0.000000 -0.000000 -1.388857 0.000000  
-0.005740 0.189128 0.000000 0.000000  
0.001834 0.113019 -0.000000 1.000000  
1.388827 -0.005710 0.002666 0.000000  
0.003603 -0.030870 -1.370242 0.000000  
-0.005446 0.186592 -0.226614 0.000000  
-0.005533 0.176447 5.669063 1.000000  
1.000000 0.000000 0.000000 0.000000  
0.000000 1.000000 0.000000 0.000000  
0.000000 0.000000 1.000000 0.000000  
0.000000 0.000000 0.000000 1.000000  
1.000000 0.000000 0.000000 0.000000  
0.000000 0.000000 -1.000000 0.000000  
0.000000 1.000000 0.000000 0.000000  
0.000000 0.000000 0.000000 1.000000  
1.390428 -0.005764 0.000000 0.000000  
0.000000 -0.000000 -1.390455 0.000000  
-0.005764 0.185797 0.000000 0.000000  
0.001841 0.113483 -0.000000 1.000000  
1.390424 -0.005734 0.002669 0.000000  
0.003610 -0.030327 -1.371819 0.000000  
-0.005469 0.183306 -0.226875 0.000000  
-0.005540 0.175795 5.675584 1.000000  
1.000000 0.000000 0.000000 0.000000  
0.000000 1.000000 0.000000 0.000000  
0.000000 0.000000 1.000000 0.000000  
0.000000 0.000000 0.000000 1.000000  
1.000000 0.000000 0.000000 0.000000  
0.000000 0.000000 -1.000000 0.000000  
0.000000 1.000000 0.000000 0.000000  
0.000000 0.000000 0.000000 1.000000  
1.391537 -0.005780 0.000000 0.000000  
0.000000 -0.000000 -1.391565 0.000000  
-0.005780 0.183482 0.000000 0.000000  
0.001846 0.113806 -0.000000 1.000000  
1.391534 -0.005751 0.002671 0.000000  
0.003614 -0.029949 -1.372914 0.000000  
-0.005485 0.181022 -0.227056 0.000000  
-0.005545 0.175342 5.680115 1.000000  
